Debug 6: nFaces= 1
Debug 7: score= 0.874933
120.811 83.1833
133.065 74.0145
147.844 70.3728
163.395 74.1011
179.011 80.769
225.299 99.9132
234.97 98.9114
243.283 100.13
251.172 103.158
255.652 110.55
203.306 121.472
208.326 138.302
215.094 155.21
221.279 172.402
177.092 189.176
189.01 192.476
201.253 195.061
207.965 195.309
213.961 195.406
128.426 116.945
142.527 111.529
156.796 112.487
164.71 122.302
152.7 125.539
139.74 123.277
213.594 134.359
226.687 129.075
238.77 132.172
243.589 144.07
234.952 146.514
223.604 142.425
138.092 219.201
156.221 215.964
176.025 215.525
194.699 219.725
204.299 221.276
211.418 227.152
213.953 234.287
208.634 241.348
199.88 244.45
189.611 244.487
170.202 238.404
153.6 228.557
167.802 221.673
193.503 226.628
204.758 228.262
204.604 231.499
192.895 230.107
167.704 223.84
