Debug 6: nFaces= 1
Debug 7: score= 0.192333
121.92 113.48
130.222 113.573
138.685 115.332
147.201 118.213
155.354 118.722
185.08 117.716
193.247 115.67
200.816 112.214
207.908 109.691
215.144 109.096
172.81 129.349
175.453 138.096
178.397 147.154
181.141 155.67
168.551 166.525
174.506 166.907
180.198 166.71
186.124 164.91
190.561 162.301
133.319 128.233
139.993 128.589
147.285 128.176
152.737 128.286
147.395 132.376
140.453 133.218
187.778 123.281
193.847 121.371
199.953 120.398
204.737 119.844
200.201 125.547
194.033 126.284
162.434 188.989
169.56 184.976
177.131 182.41
185.247 182.638
190.986 180.747
196.616 181.057
200.36 182.972
200.223 191.888
196.412 200.229
188.464 204.508
177.938 203.428
169.192 197.395
175.242 187.704
185.748 186.884
192.962 184.267
194.82 191.889
186.978 196.616
175.471 195.035
