Debug 6: nFaces= 1
Debug 7: score= 0.158966
105.773 109.185
107.53 102.765
110.942 99.8461
114.428 100.129
116.827 102.751
158.821 103.081
175.881 102.686
189.791 105.938
202.61 113.023
216.923 123.141
141.678 125.63
140.976 136.984
139.659 147.038
138.544 158.299
138.388 206.685
142.122 202.623
145.611 200.644
155.5 201.236
164.946 203.62
97.0388 152.813
103.582 144.507
114.398 142.944
125.011 146.334
116.828 150.122
106.915 151.582
171.351 142.743
183.372 139.274
193.118 141.025
203.663 144.971
193.383 146.674
182.995 144.924
150.93 284.554
140.193 253.307
139.708 226.166
149.102 219.98
168.627 223.814
180.268 244.524
186.502 269.747
179.904 287.862
170.292 305.316
155.83 311.459
149.126 309.386
147.864 297.819
141.715 253.966
151.877 245.511
174.101 249.27
175.125 274.023
153.558 284.568
144.786 280.207
Bounding box out of bound: 97.1608 104.961 319.976 400.715
num of cols: 400 num of rows:400
Face detect failed
