Debug 6: nFaces= 1
Debug 7: score= 0.615989
5.99278 65.9675
30.6675 63.5719
58.5876 75.6778
83.3544 90.2123
108.162 100.349
186.939 90.5963
208.113 77.404
231.489 59.8176
257.228 42.2783
282.525 41.6864
151.74 120.881
156.63 159.238
160.982 198.667
165.588 237.417
121.837 217.014
143.132 228.624
167.874 232.787
186.859 225.333
202.165 209.865
35.7504 115.93
56.6601 121.5
78.0019 122.873
96.9345 118.832
78.958 126.881
57.1143 128.349
198.791 107.964
216.457 107.161
237.937 101.789
257.167 91.7178
240.464 107.139
219.239 111.828
92.1026 246.542
116.144 243.458
141.251 250.347
165.69 255.814
186.365 247.34
208.776 235.164
228.98 230.006
215.777 258.727
198.717 281.479
170.412 293.068
137.339 288.195
111.367 271.465
138.157 256.067
166.694 262.578
192.558 250.138
194.435 258.618
168.844 272.787
136.279 267.164
Bounding box out of bound: -13.3207 -63.1943 415.887 507.749
num of cols: 400 num of rows:400
Face detect failed
