Debug 6: nFaces= 1
Debug 7: score= 0.5434
119.354 117.963
122.551 119.63
123.249 121.367
123.648 121.627
125.172 121.655
153.556 101.993
162.57 98.6363
172.563 97.2709
182.389 99.1477
192 101.015
141.892 130.672
140.916 143.752
139.197 156.23
138.301 168.779
143.445 179.627
149.202 181.733
155.846 181.079
163.983 176.614
170.648 170.001
130.656 142.49
131.732 139.193
135.342 137.26
138.927 137.159
136.915 139.242
134.081 140.449
167.681 127.375
171.901 123.19
178.675 122.551
185.139 123.537
178.017 125.49
172.247 125.888
159.506 202.308
158.585 198.686
159.592 194.421
164.382 192.578
175.408 187.86
187.808 186.625
199.096 187.971
194.109 198.335
185.655 207.253
175.345 212.458
168.757 213.114
162.462 209.741
162.532 199.171
168.282 196.99
183.209 192.163
184.999 198.613
171.318 205.722
164.602 204.333
