Debug 6: nFaces= 1
Debug 7: score= 0.467397
91.7891 109.708
99.4703 103.962
109.653 102.391
119.763 103.157
129.877 104.683
166.697 107.214
179.512 103.137
192.71 102.284
205.044 108.251
214.829 116.601
148.056 125.615
147.599 138.36
147.248 150.28
146.633 161.968
133.572 172.154
139.946 175.944
147.422 177.445
155.188 175.272
162.182 171.554
108.31 126.561
114.9 121.77
123.308 121.93
131.073 127.22
123.286 131.033
115.307 131.077
173.271 127.548
179.251 123.067
188.438 122.665
196.394 126.948
188.639 131.934
180.051 131.447
125.36 200.365
130.044 192.059
138.232 186.416
148.585 186.659
159.13 185.868
167.959 191.433
173.982 200.106
168.477 209.428
159.748 215.948
148.163 218.246
137.159 216.394
129.345 209.554
137.413 193.611
148.284 192.466
158.527 193.515
158.848 205.918
148.228 208.258
137.6 206.107
