Debug 6: nFaces= 1
Debug 7: score= 0.379194
92.8013 107.106
101.424 95.2711
115.299 91.0514
129.477 91.5438
142.895 96.0661
173.702 94.585
185.735 93.2468
197.064 93.3234
206.731 98.2555
212.827 108.086
158.446 127.73
159.132 139.672
159.458 150.882
160.056 161.838
142.429 174.539
150.104 175.992
157.487 177.262
164.043 177.828
170.545 177.616
112.858 133.126
120.181 128.874
128.479 129.169
136.476 132.424
129.273 137.559
120.409 137.57
170.802 134.46
179.086 129.87
187.639 132.127
195.568 135.971
187.979 140.119
179.029 139.144
126.065 203.289
135.408 197.35
144.595 193.069
154.802 196.012
162.206 195.322
169.022 199.692
174.858 205.586
168.856 210.941
161.787 215.55
152.9 216.041
143.017 213.745
133.994 209.398
142.315 199.739
154.961 200.306
161.534 202.116
162.006 204.965
155.173 205.893
142.561 203.766
