Debug 6: nFaces= 1
Debug 7: score= 0.51833
69.236 81.2429
83.0999 74.2479
99.7128 72.9519
115.767 78.0271
131.122 84.326
184.326 93.3774
193.128 95.1627
200.156 96.7301
204.285 103.824
203.304 115.216
158.113 104.628
165.546 113.524
173.798 121.887
182.352 129.563
144.327 159.227
155.998 161.015
167.551 164.391
176.353 166.111
183.469 168.585
90.6069 111.512
103.14 105.238
116.534 105.01
125.948 113.477
116.032 115.908
103.564 114.892
168.703 124.721
180.329 123.477
191.462 129.405
196.72 141.786
187.018 139.837
176.585 133.851
110.529 221.263
123.306 196.396
144.314 179.741
170.8 178.862
186.586 189.171
188.367 210.442
182.126 232.195
182.835 247.537
177.86 260.745
163.06 263.04
138.432 254.636
120.927 240.755
135.967 193.045
170.146 187.47
184.156 202.064
177.822 246.903
163.476 253.844
133.008 240.171
