Debug 6: nFaces= 1
Debug 7: score= 0.80088
97.7279 100.386
101.059 94.6389
106.734 92.0243
112.45 94.0074
117.917 98.3403
162.534 90.3491
176.888 84.8586
192.867 82.0299
208.233 87.1566
218.603 98.5409
137.671 129.148
131.249 144.058
124.45 157.029
118.644 170.618
121.74 193.598
127.111 195.588
132.791 196.094
142.387 195.805
153.174 192.493
112.655 139.799
116.972 133.462
124.973 133.588
133.576 137.842
125.446 143.126
117.944 143.941
174.784 136.556
182.977 129.185
193.812 128.085
205.679 131.869
196.023 138.569
184.595 139.797
127.57 232.432
125.948 225.456
129.751 218.839
137.558 217.465
152.259 218.227
166.647 225.247
180.724 233.228
171.156 246.326
158.141 256.578
143.057 258.922
133.761 253.91
129.174 243.682
132.801 227.615
141.22 227.117
159.477 228.312
161.148 240.425
142.998 241.775
134.264 239.795
