Debug 6: nFaces= 1
Debug 7: score= 0.226353
93.9818 96.6607
103.781 91.8755
115.358 93.3984
125.714 97.5665
136.009 101.878
173.034 95.9341
184.77 93.8319
195.189 92.5141
205.404 91.442
213.914 96.6938
154.236 121.149
155.66 136.995
157.013 152.935
158.339 169.076
145.892 178.96
152.387 181.59
159.715 183.324
165.695 181.83
171.014 178.908
110.677 133.041
118.12 131.099
125.864 130.556
133.344 131.585
126.75 136.922
118.175 137.33
171.614 128.582
180.531 126.957
188.683 127.418
197.54 127.305
189.504 133.183
180.184 132.924
135.755 205.044
142.288 200.631
149.574 196.066
158.749 197.08
167.07 195.645
175.021 198.286
182.105 200.927
175.745 207.997
170.185 214.046
160.67 217.299
149.857 215.13
142.204 211.332
148.342 203.525
159.362 203.478
169.68 202.036
168.342 207.302
159.022 210.273
148.262 208.588
