Debug 6: nFaces= 1
Debug 7: score= 0.761381
103.334 88.9316
106.377 81.5802
110.914 77.3422
117.011 76.7016
123.322 77.6177
186.056 72.3728
201.74 66.4547
218.013 64.138
233.723 68.6137
244.022 79.5057
152.437 120.617
144.581 134.612
136.987 147.672
129.959 161.022
131.555 192.661
135.211 194.456
140.07 194.571
152.1 194.29
164.245 190.234
118.078 135.056
123.493 127.156
133.586 126.247
143.556 131.736
134.944 137.102
125.534 138.73
193.773 127.15
203.564 119.232
216.64 118.726
227.967 122.826
217.578 128.395
205.124 129.568
123.807 236.781
125.646 229.58
130.281 220.327
141.361 216.241
157.706 216.459
172.326 222.625
186.91 231.816
175.047 242.043
159.855 249.514
144.223 251.828
135.063 249.466
128.227 243.639
134.827 230.217
143.9 227.528
163.444 227.95
163.761 234.082
144.056 234.644
134.979 234.961
