Debug 6: nFaces= 1
Debug 7: score= 0.307366
94.1813 102.115
107.21 101.162
119.261 101.829
131.814 105.3
142.734 112.79
150.892 117.749
162.342 117.622
172.967 117.414
182.212 120.582
188.813 127.353
148.849 119.97
154.085 134.004
160.148 147.855
166.893 162.206
140.768 180.671
151.275 182.258
161.194 183.487
168.014 183.524
172.726 182.105
106.389 125.739
114.697 124.671
122.181 127.181
128.643 132.259
121.775 132.829
113.261 130.839
157.292 138.339
166.127 138.021
173.499 141.079
179.257 144.449
172.347 143.46
164.954 141.397
128.491 215.396
134.765 207.071
144.383 201.905
155.855 203.348
163.839 206.338
166.181 214.681
162.765 224.841
162.951 230.276
159.521 234.348
152.949 234.206
142.991 231.203
134.419 224.969
140.356 212.151
154.468 212.547
163.036 215.761
162.202 222.298
154.282 221.49
141.585 219.353
