Debug 6: nFaces= 1
Debug 7: score= 0.821782
62.9097 91.4422
76.8564 79.6603
93.0472 73.3717
111.017 72.7567
128.781 74.7535
184.333 73.3728
189.379 68.8698
194.797 66.6131
200.271 67.3442
204.279 71.3626
158.964 112.294
169.904 129.01
180.507 145.402
190.732 162.604
148.936 187.477
163.369 189.243
177.432 188.247
185.926 184.873
191.269 179.526
85.6053 135.15
97.2274 128.227
109.714 127.283
118.906 132.02
110.884 134.045
99.1898 135.154
171.078 123.598
181.055 118.677
190.963 116.928
195.694 122.711
191.617 126.834
182.17 127.219
112.415 225.192
131.676 216.153
152.347 209.845
172.807 207.032
181.898 205.453
190.279 207.748
193.272 214.319
192.977 228.366
186.01 237.992
173.53 243.315
151.016 244.142
129.209 237.889
143.292 217.543
172.019 213.503
184.666 211.354
185.296 228.289
172.313 234.952
142.474 234.699
