Debug 6: nFaces= 1
Debug 7: score= 0.898529
52.0202 128.305
59.6033 111.565
75.338 102.638
93.7025 100.346
112.361 101.643
166.894 85.0337
179.503 77.51
192.495 71.3049
206.173 68.9454
218.312 75.8165
149.331 116.447
154.981 131.081
160.98 145.538
166.788 160.252
151.244 185.723
161.105 184.146
171.584 181.647
179.93 177.582
187.028 173.717
79.7751 146.895
88.4862 134.335
102.084 129.685
116.367 134.278
106.499 142.66
93.4102 147.045
178.926 113.621
186.856 103.154
199.415 99.0522
212.697 102.3
203.359 110.86
191.24 114.683
145.865 240.713
154.491 225.636
166.185 213.525
182.119 209.886
194.284 203.938
208.456 205.554
219.413 212.964
212.21 222.628
201.745 228.648
189.343 233.989
175.137 239.26
160.704 241.696
170.423 224.591
184.771 218.533
196.697 214.482
197.218 217.067
184.919 221.227
170.975 227.744
