Debug 6: nFaces= 1
Debug 7: score= 0.540015
103.632 95.3258
109.871 92.3852
116.769 92.6889
123.354 95.2491
128.553 101.16
151.874 103.854
167.423 99.8592
183.147 100.266
197.961 106.706
209.685 116.792
139.528 123.411
134.11 137.564
127.763 150.89
120.446 163.762
116.328 181.341
120.682 185.768
127.325 188.187
139.6 187.585
150.963 183.872
106.818 123.762
113.642 117.112
123.952 118.363
129.929 128.366
121.152 131.164
112.908 129.662
169.618 134.598
177.93 127.849
189.149 130.114
197.509 137.897
186.948 140.494
176.923 139.672
126.005 218.454
123.22 212.53
126.671 207.366
132.496 206.837
146.035 207.954
157.265 214.03
168.985 220.613
160.003 227.088
149.299 231.624
137.088 232.916
130.738 230.11
127.3 225.6
129.53 214.83
134.971 214.585
149.705 216.12
149.746 220.984
137.659 220.724
131.142 219.083
