Debug 6: nFaces= 1
Debug 7: score= 0.89349
109.689 78.6708
118.242 77.478
125.355 82.5362
131.422 89.8333
136.463 97.8885
186.399 111.646
205.658 109.649
224.978 111.914
241.141 119.923
251.307 134.946
150.913 131.661
140.757 145.31
130.761 158.738
120.398 172.212
109.221 192.011
116.638 196.938
126.458 201.574
140.598 203.418
154.051 203.944
109.522 122.087
118.444 117.579
129.182 122.216
136.456 131.139
126.354 131.753
115.29 128.765
190.758 147.932
203.067 142.857
216.01 147.817
225.238 159.234
211.951 160.187
198.807 155.923
96.238 232.094
102.979 224.14
111.853 221.401
120.183 225.941
137.369 229.121
152.006 239.219
166.971 250.38
150.549 253.42
134.135 253.806
116.915 250.513
107.753 246.495
101.187 238.901
109.516 232.359
119.816 235.512
140.182 241.074
140.309 240.886
119.498 236.312
109.136 233.352
