Debug 6: nFaces= 1
Debug 7: score= 0.270967
101.532 76.1488
113.524 77.7423
123.857 81.6277
133.955 88.5879
142.792 95.4038
189.991 110.301
199.827 110.468
210.8 110.09
220.805 112.248
231.126 116.818
158.473 127.93
153.66 143.013
149.121 158.767
144.338 174.302
119.979 184.095
128.238 189.764
137.705 192.833
147.115 193.492
156.842 189.335
109.717 113.158
116.312 116.017
124.526 117.97
132.502 120.055
124.215 120.197
115.724 118.548
175.592 132.098
182.028 134.342
189.423 135.931
199.511 136.867
189.725 138.048
182.757 135.496
90.2528 215.596
102.009 214.241
116.416 214.379
129.342 220.075
139.994 216.311
149.934 219.839
157.524 224.363
147.384 236.802
133.695 242.133
119.893 243.567
105.872 239.657
95.5301 229.936
111.138 224.338
126.09 228.99
138.251 226.438
137.353 232.362
123.591 234.851
108.108 229.785
