Debug 6: nFaces= 1
Debug 7: score= 0.855519
80.3736 122.919
80.8989 112.377
87.1378 104.145
96.7036 100.665
106.909 100.516
160.925 87.7994
177.666 71.5355
199.326 62.2493
222.425 63.6843
239.859 78.5282
143.275 131.311
142.496 149.795
140.945 167.56
139.148 185.19
143.155 213.49
150.996 212.988
160.908 210.729
173.48 205.589
184.265 200.01
103.091 158.876
106.985 143.583
121.062 140.316
135.814 148.154
124.274 154.504
112.426 159.376
184.17 129.465
191.648 112.737
206.628 106.365
223.02 114.562
211.855 122.658
198.067 127.383
150.194 262.144
150.328 250.738
154.772 239.301
166.144 236.067
182.635 229.299
200.641 231.892
219.168 232.05
210.058 249.125
197.108 262.651
180.467 271.796
168.174 274.273
157.371 271.574
160.239 253.327
171.064 247.654
192.235 240.125
195.045 246.091
174.639 256.103
162.855 259.436
