Debug 6: nFaces= 1
Debug 7: score= 0.256277
84.5565 95.188
96.8967 90.0739
110.487 91.907
122.993 96.3989
135.398 101.524
169.753 97.978
182.04 94.3349
193.222 91.4947
204.664 89.5087
215.004 93.0473
150.841 124.186
151.577 140.255
152.463 156.024
153.464 171.508
142.135 184.269
148.849 187.137
156.069 188.704
163.202 186.829
168.688 183.005
103.954 133.059
111.696 131.679
119.884 131.047
128.645 132.19
121.157 137.56
111.739 137.545
169.804 129.785
179.476 129.353
187.927 129.79
197.764 129.067
189.17 134.841
179.103 134.514
131.43 210.578
138.706 207.305
146.323 202.71
155.963 204.181
164.723 202.041
173.655 204.048
181.63 206.613
175.036 215.224
168.665 221.617
158.439 224.585
147.062 222.452
138.626 218.415
145.83 209.561
156.626 209.762
167.917 208.526
166.574 213.229
156.582 216.6
146.083 215.38
