Debug 6: nFaces= 1
Debug 7: score= 0.346283
138.536 108.648
135.257 105.614
130.864 101.217
128.298 94.9561
128.552 89.2882
173.738 81.9664
184.022 78.2644
195.713 81.3317
204.644 90.9303
210.307 103.12
151.816 118.129
147.07 132.975
141.605 146.197
135.475 159.143
137.432 177.725
139.614 179.423
144.413 180.925
151.394 178.987
158.458 176.646
138.488 136.696
140.94 133.444
141.916 130.734
143.719 130.527
141.154 133.108
139.938 134.518
182.955 125.262
187.548 122.465
193.096 123.986
200.433 129.615
192.501 130.337
186.824 128.013
152.912 214.32
147.121 203.518
144.351 196.049
148.805 191.65
163.768 191.505
178.276 195.212
187.897 204.91
181.006 215.525
171.806 224.824
159.854 230.135
153.87 227.632
152.271 221.245
149.698 204.411
151.845 200.731
170.078 198.715
174.035 216.513
157.656 220.878
153.871 219.94
