Debug 6: nFaces= 1
Debug 7: score= 0.86071
30.6671 112.139
46.7324 97.5267
68.0646 91.2659
90.3511 91.3525
113.572 93.3582
166.35 88.6474
187.705 79.2995
210.501 74.2914
233.126 77.2213
253.206 86.89
141.047 106.528
143.048 128.874
144.937 151.066
147.002 173.542
118.491 193.689
132.543 197.121
150.126 197.373
165.184 192.046
178.001 184.692
56.6359 134.941
71.7882 132.505
88.5776 128.148
102.428 123.876
88.1688 129.378
72.9119 132.955
181.258 114.145
196.779 115.272
214.564 114.001
230.152 111.003
215.034 115.786
198.073 115.934
75.8972 235.859
102.715 228.454
126.631 223.727
151.627 222.348
176.78 217.509
202.806 215.945
226.548 216.567
207.954 237.08
183.693 252.917
155.535 261.247
125.717 261.085
98.1977 251.334
117.99 232.229
152.447 230.931
188.213 223.753
191.061 239.62
153.591 249.445
115.775 249.361
Bounding box out of bound: 23.1177 -9.94286 370.143 451.424
num of cols: 400 num of rows:400
Face detect failed
