Debug 6: nFaces= 1
Debug 7: score= 0.174402
103.646 120.439
109.328 114.23
118.42 112.873
127.299 115.935
136.927 118.436
165.783 115.826
180.142 111.143
194.356 104.92
209.508 101.523
224.756 103.937
148.166 144.668
144.43 159.903
139.226 175.135
133.139 190.209
128.228 207.01
132.238 210.352
140.203 211.648
150.367 209.346
160.003 203.682
117.435 152.67
123.218 151.465
129.623 148.475
136.04 145.585
130.121 148.834
124.084 152.161
181.762 136.288
189.622 135.546
199.141 135.532
209.377 136.082
200.037 138.61
190.5 137.945
131.033 252.381
127.861 238.573
132.238 231.515
140.306 230.393
154.117 229.749
166.101 235.624
170.883 247.353
164.127 255.293
154.85 260.552
143.05 264.956
135.205 264.116
132.453 258.548
138.019 238.909
142.894 237.074
155.324 236.362
154.541 251.264
143.093 255.482
139.189 253.212
