Debug 6: nFaces= 1
Debug 7: score= 0.256336
97.6465 74.797
111.884 67.4574
127.844 70.7991
142.676 80.9599
155.976 91.548
195.922 113.154
208.912 109.876
222.438 109.735
234.606 115.386
241.714 123.817
163.733 132.29
157.101 146.388
150.77 160.377
143.846 173.979
114.52 187.386
121.602 193.969
130.667 197.187
141.61 200.526
153.017 200.893
99.871 110.024
113.79 107.965
127.338 112.027
135.49 123.165
122.518 122.233
109.485 118.307
185.654 142.614
197.971 139.214
211.811 143.31
221.567 154.779
208.055 156.419
195.865 150.593
76.028 227.945
90.1401 221.54
106.615 216.355
124.527 224.232
138.752 227.395
144.544 240.889
141.634 256.946
131.335 269.022
118.734 279.721
101.383 279.344
84.9436 266.939
77.8338 247.754
95.1454 226.332
118.853 233.257
135.217 240.425
123.864 267.429
106.69 268.275
87.6814 251.166
