Debug 6: nFaces= 1
Debug 7: score= 0.855851
44.2654 73.7118
58.45 70.2285
73.2494 75.0031
87.3806 83.8212
101.28 93.1961
158.855 99.1983
174.29 91.1799
190.708 83.6411
208.439 80.7711
222.812 87.7137
126.953 118.66
123.321 138.902
120.679 159.251
119.056 179.699
100.78 180.506
108.952 188.174
120.445 192.968
133.658 190.251
145.349 185.393
63.6628 114.301
74.8478 117.478
87.0352 118.514
99.8172 118.682
87.1733 122.465
74.846 121.109
161.502 129.272
174.146 131.685
187.702 131.607
201.707 128.679
189.231 135.744
174.492 135.778
78.3512 192.347
94.7989 196.434
108.501 200.011
122.242 206.073
139.021 205.835
156.525 206.218
176.589 207.22
161.138 226.27
142.822 240.819
118.039 244.239
97.2097 234.982
85.3118 216.03
101.588 203.43
121.289 210.692
145.3 210.732
147.049 227.679
118.612 232.462
96.2675 220.81
