Debug 6: nFaces= 1
Debug 7: score= 0.0749986
137.934 85.8807
143.14 82.7471
146.49 83.1644
148.493 87.8594
153.335 90.9833
164.906 96.7731
163.792 99.3414
161.202 100.855
157.713 98.7953
157.7 96.267
157.023 129.626
162.377 140.302
165.927 152.103
168.178 165.345
134.737 193.553
138.844 189.545
143.033 190.56
142.938 192.956
142.452 200.701
113.266 131.259
122.768 130.621
128.837 130.974
134.779 135.239
128.833 137.57
120.8 137.259
143.262 144.476
149.945 144.342
151.525 144.8
150.583 144.787
150.809 148.311
148.618 148.769
98.2813 248.547
104.738 237.747
113.006 223.45
126.583 218.221
135.17 226.834
129.518 242.516
118.988 258.001
117.549 274.075
113.848 294.276
97.8289 302.017
87.2917 288.705
91.8947 267.11
100.266 225.994
122.285 224.606
132.011 234.826
118.799 293.959
103.177 303.41
85.3862 283.234
Bounding box out of bound: 88.6575 59.5836 362.09 422.827
num of cols: 400 num of rows:400
Face detect failed
