Debug 6: nFaces= 1
Debug 7: score= 0.796384
97.3947 93.592
106.063 86.7599
116.807 85.6365
128.118 88.2685
138.909 93.2757
179.574 90.8184
197.239 85.7828
215.997 84.3152
233.943 91.612
249.389 103.674
151.672 111.87
142.838 124.272
133.474 135.338
124.196 147.52
124.098 185.257
128.476 186.507
135.858 187.106
146.146 187.169
156.459 186.443
113.007 127.372
119.689 119.647
130.852 119.423
141.83 124.528
131.919 131.098
121.23 132.151
190.795 126.298
202.515 119.698
215.383 120.489
228.183 126.53
215.835 132.307
201.965 132.738
115.383 236.041
117.889 225.988
125.244 216.785
136.982 215.581
155.187 216.671
170.457 226.259
182.125 239.487
168.114 247.215
153.381 253.303
137.896 255.434
127.083 253.226
118.515 246.195
128.939 227.903
139.556 225.747
156.748 228.298
155.693 236.626
139.124 236.759
129.336 236.181
