Debug 6: nFaces= 1
Debug 7: score= 0.311159
73.0944 102.269
88.3091 97.0847
103.354 95.2671
117.732 97.8539
130.886 103.591
159.712 111.428
165.171 104.51
171.694 102.149
178.251 100.656
185.029 100.029
146.086 131.868
151.121 147.648
156.53 163.014
161.321 178.68
123.114 190.285
133.124 195.691
143.977 198.859
149.092 198.305
153.694 195.702
88.7506 124.74
99.3232 127.691
107.653 127.611
114.795 128.771
106.534 131.556
97.0518 129.781
148.241 131.822
155.714 130.683
161.176 130.647
166.743 129.297
161.564 132.115
155.662 131.911
90.4059 215.142
103.181 215.103
116.448 216.662
129.447 218.085
134.384 218.929
135.787 220.761
134.197 222.836
131.592 227.488
127.38 230.023
121.944 231.636
110.094 228.637
99.8662 223.01
111.349 222.413
126.203 223.791
127.243 224.96
125.829 226.005
123.964 225.602
111.413 221.627
