Debug 6: nFaces= 1
Debug 7: score= 0.488617
108.066 90.9783
112.848 91.6934
116.448 94.4069
119.508 97.2226
120.683 101.234
155.155 92.421
165.892 82.8982
178.098 76.4936
191.664 74.8914
204.14 79.9131
140.608 127.504
137.982 144.559
134.328 160.556
131.623 176.36
132.118 191.672
138.967 193.005
146.345 192.126
158.302 188.225
169.723 182.329
114.606 132.86
119.999 131.514
127.047 129.51
131.921 130.454
126.288 134.234
119.307 135.227
172.6 128.343
182.487 125.303
191.954 123.715
201.028 120.733
193.148 127.786
182.573 130.167
146.24 221.335
146.197 215.718
150.712 211.087
157.607 209.096
174.105 207.137
190.246 206.632
206.92 207.554
195.289 218.867
181.446 227.282
166.128 231.886
156.758 232.093
149.757 228.778
155.476 218.129
160.875 216.483
180.382 212.329
180.293 213.552
161.547 217.412
156.033 218.252
