Debug 6: nFaces= 1
Debug 7: score= 0.282479
111.56 123.771
117.006 118.51
122.877 116.132
128.812 116.581
134.564 118.993
140.585 120.17
143.068 118.393
145.495 117.098
148.322 117.904
150.911 121.517
140.663 132.143
143.75 142.324
146.986 151.747
150 161.439
135.754 173.222
140.298 173.973
143.759 173.823
146.751 173.283
149.523 172.094
120.196 133.037
124.078 130.035
126.818 129.941
127.13 133.259
126.577 135.02
123.553 135.315
147.072 130.679
146.252 127.357
147.305 128.004
146.859 130.928
147.483 131.998
147.044 132.072
119.219 199.154
124.667 193.684
132.037 190.937
138.961 190.457
142.155 189.428
142.617 191.659
139.926 196.251
139.548 202.971
138.275 208.99
134.759 212.704
128.133 212.507
121.609 207.857
129.715 194.416
137.283 193.813
138.437 193.093
136.172 203.402
134.147 205.98
127.629 204.644
