Debug 6: nFaces= 1
Debug 7: score= 0.905523
95.2372 67.4345
104.854 61.4837
115.508 63.0286
125.694 69.0574
134.692 77.2589
192.845 90.2151
215.627 88.6057
238.55 92.1856
256.574 104.865
268.436 124.553
152.059 108.191
141.987 120.295
132.43 132.045
122.987 143.982
108.027 174.368
115.333 174.514
123.285 176.412
135.687 178.616
148.141 182.051
94.4399 113.483
107.326 106.593
120.959 109.095
131.022 118.755
118.311 119.512
105.472 117.236
192.237 133.122
207.741 127.562
223.317 132.128
234.11 145.69
219.234 143.299
204.969 138.747
81.0858 226.789
87.5466 213.075
99.7234 203.263
114.541 205.57
136.179 209.755
151.618 225.444
160.369 244.744
144.885 252.041
126.045 254.277
106.803 251.511
93.0416 247.468
83.506 237.523
97.3334 215.019
113.224 213.529
137.733 223.455
132.21 242.997
108.65 237.565
94.2032 233.74
Bounding box out of bound: 68.9747 24.8415 352.067 400.965
num of cols: 400 num of rows:400
Face detect failed
