Debug 6: nFaces= 1
Debug 7: score= 0.297838
99.685 91.2982
110.032 89.7346
119.815 91.3013
129.39 95.9164
138.05 102.667
186.304 115.008
195.047 115.635
204.439 115.292
212.513 117.584
221.387 121.778
159.277 126.176
153.544 142.493
147.19 159.484
140.389 176.156
115.005 196.9
122.699 201.365
131.112 203.11
140.038 202.755
149.343 200.269
112.736 113.043
119.591 112.749
128.611 115.739
133.971 123.368
124.838 124.673
115.943 121.726
175.499 135.947
183.089 131.99
192.293 134.416
199.638 139.356
189.901 143.003
182.22 139.907
82.1413 235
93.1446 232.634
105.819 229.216
119.425 232.286
129.583 233.432
137.242 239.48
144.6 245.153
133.605 253.194
120.677 256.827
107.677 256.626
97.2472 251.424
89.2663 244.14
99.9261 238.333
115.533 242.927
127.401 243.907
125.323 247.183
114.1 247.368
100.336 241.233
