Debug 6: nFaces= 1
Debug 7: score= 0.786469
87.9753 78.6335
98.3419 78.9866
108.733 83.6389
119.066 88.3801
128.947 93.9798
181.048 103.808
194.683 100.126
208.91 98.3223
223.168 101.101
234.203 110.011
149.35 124.743
144.529 141.377
139.092 157.613
134.006 174.222
119.308 181.455
126.176 186.983
136.739 191.31
149.9 191.083
161.046 188.056
97.6362 111.639
109.326 108.149
120.165 112.114
128.035 123.08
116.126 121.37
104.892 118.07
178.066 130.802
189.697 124.244
203.166 124.671
215.353 133.649
203.251 137.032
189.818 135.334
112.208 204.509
121.315 204.614
130.079 207.253
139.114 209.761
152.099 209.467
166.537 209.193
181.328 210.851
168.568 219.241
154.229 222.498
139.558 221.298
127.984 218.85
118.045 213.468
126.255 208.011
139.085 213.754
158.368 212.898
158.875 215.928
139.309 215.531
125.646 211.412
