Debug 6: nFaces= 1
Debug 7: score= 0.923393
51.9206 128.431
60.0092 115.906
72.9098 109.087
87.2587 105.647
101.383 105.987
147.356 85.8491
164.534 73.3924
183.86 65.0902
204.22 65.0582
223.607 71.6209
125.366 117.271
123.865 132.065
122.143 147.129
121.068 162.861
125.671 195.081
131.844 192.191
138.562 189.281
149.409 185.167
160.897 180.859
78.3314 153.781
85.8406 143.108
97.4913 138.296
109.09 138.773
99.0441 145.308
88.8492 150.008
170.762 115.932
181.717 107.407
195.123 103.325
209.591 105.783
196.27 112.3
183.091 115.247
126.913 249.84
127.516 234.892
133.86 221.829
146.002 216.124
165.633 209.152
186.638 212.112
205.804 220.365
195.329 233.991
178.12 243.214
160.909 249.257
148.782 254.717
135.371 255.813
139.923 232.852
149.474 225.149
174.241 218.949
177.115 230.524
154.696 237.172
144.707 242.67
Bounding box out of bound: 61.0086 27.421 341.644 400.268
num of cols: 400 num of rows:400
Face detect failed
