Debug 6: nFaces= 1
Debug 7: score= 0.91155
105.187 108.607
111.447 103.243
118.593 101.483
124.825 101.862
131.228 103.873
168.324 101.611
183.144 98.5584
198.444 97.9115
212.496 104.308
225.739 114.153
139.041 123.479
128.128 135.396
117.127 147.156
106.489 158.872
108.101 182.273
112.697 185.284
118.86 186.974
128.509 187.099
139.076 186.527
110.611 130.53
114.025 126.514
122.678 125.867
132.738 127.772
124.153 133.687
116.195 134.675
177.305 130.633
184.136 127.537
194.264 129.58
205.592 133.404
195.165 136.248
184.188 135.353
107.086 228.41
106.406 219.944
109.982 214.017
117.046 213.772
132.633 213.988
146.919 221.599
159.486 231.228
146.176 235.305
132.414 238.089
118.896 237.957
112.918 236.528
108.401 233.807
112.273 223.788
117.976 223.527
134.618 225.504
135.442 226.786
119.871 225.198
113.83 225.357
