Debug 6: nFaces= 1
Debug 7: score= 0.592937
79.0896 116.458
79.8204 109.684
82.1948 103.497
87.2144 99.0211
93.5736 99.2674
137.498 87.4816
154.46 80.3629
172.532 77.4918
189.901 84.5175
203.768 97.0392
111.728 115.951
102.228 130.347
92.0396 143.883
81.9336 159.396
83.9146 185.755
87.7433 188.261
96.0906 188.105
108.956 185.248
122.399 181.669
88.2575 141.61
89.6519 138.86
93.842 133.977
100.516 129.891
96.3854 134.291
92.3685 137.372
150.174 127.084
156.292 121.793
167.124 121.988
179.291 124.981
166.195 126.069
156.479 127.381
92.6075 235.399
87.9945 225.437
88.4542 214.76
97.7524 210.18
117.187 206.783
134.505 213.399
150.681 223.201
137.822 232.216
123.689 238.708
107.684 243.948
99.581 246.025
93.4877 242.906
97.3467 225.579
103.176 221.311
125.934 218.716
126.554 228.591
105.336 233.592
99.0571 234.019
