Debug 6: nFaces= 1
Debug 7: score= 0.201314
80.2797 86.736
93.0873 86.1565
106.957 88.8941
120.911 93.7597
133.871 100.773
181.613 110.919
191.704 112.359
201.516 112.344
211.451 113.914
219.586 117.069
156.18 126.277
153.476 144.005
150.042 161.704
146.731 179.553
115.644 184.624
125.098 192.611
137.249 199.213
146.726 199.052
155.131 196.603
88.961 104.997
100.246 105.589
111.091 109.954
120.163 117.812
108.797 115.41
97.524 111.859
174.394 127.746
184.089 124.05
194.485 124.911
206.201 130.58
194.806 132.627
184.235 130.4
81.6337 206.333
94.2142 204.658
110.957 205.846
128.712 210.709
140.552 212.841
150.165 217.788
155.895 225.641
147.919 244.485
134.267 256.695
117.978 258.956
98.1867 248.324
87.0902 228.824
102 216.126
124.533 227.275
141.772 226.692
140.631 239.675
122.141 242.37
98.7973 229.016
