Debug 6: nFaces= 1
Debug 7: score= 0.480725
98.885 124.371
103.495 122.348
109.207 122.337
114.831 122.415
119.671 124.873
145.657 110.075
155.811 101.872
167.181 95.616
179.23 94.3353
190.95 96.5623
132.804 138.171
131.056 149.863
128.77 160.678
126.68 171.715
127.68 182.337
132.262 184.019
137.465 183.478
145.212 180.305
151.704 174.588
108.179 142.287
111.715 138.678
119.271 136.979
126.147 138.829
120.349 143.375
113.021 144.907
159.329 129.5
165.276 121.929
174.77 119.594
185.082 120.978
176.819 127.269
167.658 129.62
127.552 187.28
129.429 185.781
133.469 183.95
139.823 183.583
149.123 180.412
158.981 180.121
168.456 179.758
159.874 186.108
151.359 192.687
141.654 196.781
135.121 195.715
130.411 191.39
134.223 187.98
141.242 187.698
152.406 183.774
151.324 185.344
140.551 190.272
134.217 190.278
