Debug 6: nFaces= 1
Debug 7: score= 0.115805
80.8101 76.9196
89.1911 78.2028
96.233 78.7006
103.099 83.4128
108.857 88.7349
155.911 99.62
173.727 92.7346
192.489 89.8176
211.658 94.2316
229.236 102.178
125.77 120.917
121.206 138.869
116.842 155.96
112.231 172.791
111.918 195.683
117.708 198.307
124.913 200.443
132.784 201.365
143.065 200.984
87.8619 109.301
93.5253 103.356
102.588 105.049
110.202 115.985
101.124 116.644
92.3209 115.243
168.698 122.351
179.404 114.758
192.419 116.696
203.612 123.422
191.822 128.186
179.342 127.501
121.734 231.484
118.653 224.959
120.266 219.684
125.828 222.04
140.873 223.791
154.996 232.724
169.379 239.068
157.49 243.251
144.028 245.772
130.984 245.866
125.505 241.866
122.999 237.273
125.963 234.586
127.144 236.684
141.798 238.724
142.358 236.131
130.063 230.88
127.75 230.365
