Debug 6: nFaces= 1
Debug 7: score= 0.880635
112.624 81.6977
120.809 80.5293
128.174 86.1296
133.641 93.8888
137.952 102.551
184.311 116.602
202.725 114.767
221.371 115.638
236.404 123.61
246.02 136.612
151.458 134.387
141.398 147.018
131.332 159.878
120.684 172.435
110.857 191.286
118.293 195.523
127.103 199.671
139.274 201.624
151.256 203.622
109.37 124.66
118.728 118.959
129.898 123.582
136.976 134.008
126.039 134.973
115.087 131.815
186.778 150.008
199 145.146
212.123 150.142
221.698 162.035
207.714 162.901
194.48 158.444
96.8327 229.3
103.661 221.609
112.815 218.511
120.789 222.957
137.159 225.54
150.462 235.899
163.732 247.011
149.071 250.724
133.679 251.776
117.372 249.081
107.968 245.144
101.112 236.853
108.984 229.098
120.021 232.619
140.069 237.823
140.01 238.388
119.439 234.239
108.35 230.813
