Debug 6: nFaces= 1
Debug 7: score= 0.136649
63.1729 98.6291
75.3997 84.4293
91.3726 76.719
109.383 76.4289
126.037 83.505
187.559 78.4406
197.603 72.9704
207.552 70.1339
217.205 69.5702
226.439 69.9491
167.455 119.514
173.06 147.703
178.518 175.799
184.786 202.412
156.099 227.977
168.68 229.17
181.299 229.545
191.931 224.608
200.529 218.339
78.1703 133.141
90.8662 125.109
109.206 123.505
124.952 126.915
110.529 134.22
93.6912 136.296
189.395 119.389
200.991 111.363
214.959 108.246
226.272 110.294
217.498 118.842
204.439 120.256
137.66 280.941
150.361 269.557
164.819 258.286
181.351 257.801
188.687 252.5
195.968 256.574
195.216 265.624
190.888 273.934
189.615 285.631
180.439 295.173
164.532 293.722
151.656 286.524
159.503 273.786
179.93 270.987
186.488 267.02
185.194 268.417
177.867 274.9
159.784 275.587
Bounding box out of bound: 68.428 63.9427 323.174 402.271
num of cols: 400 num of rows:400
Face detect failed
