Debug 6: nFaces= 1
Debug 7: score= 0.0605657
100.795 67.3414
105.33 68.7722
108.702 70.8803
112.393 76.3139
116.187 78.5264
161.984 87.6049
173.148 85.1113
183.685 83.7926
192.227 86.6064
201.509 88.8864
144.806 121.573
143.065 135.576
140.318 149.004
136.823 161.669
130.669 188.848
136.295 191.439
141.365 194.082
148.799 194.965
157.415 194.384
113.48 113.58
118.261 112.15
125.12 113.779
130.663 118.492
123.819 121.297
116.702 120.317
170.517 123.822
177.115 117.94
186.883 118.673
196.555 122.82
187.655 129.932
177.374 129
129.007 232.659
127.987 220.175
132.183 211.665
141.421 213.783
157.744 214.652
168.966 226.717
174.665 241.837
166.116 252.28
153.955 258.321
140.168 258.987
133.398 253.618
130.51 243.655
133.83 225.526
141.268 225.711
160.413 230.333
159.194 243.734
140.749 246.865
134.681 240.865
