Debug 6: nFaces= 1
Debug 7: score= 0.914161
41.1661 67.7956
60.075 57.8509
81.6286 57.807
103.32 66.4234
122.932 75.0922
195.524 81.3119
221.415 77.7002
247.923 73.8154
272.756 81.4952
291.925 99.4967
153.281 106.973
147.843 132.919
141.491 158.111
134.925 183.601
113.814 208.597
125.313 212.234
138.765 216.465
156.624 216.151
174.147 215.335
61.0337 110.461
78.6439 106.618
98.8871 107.855
116.663 114.735
97.4945 118.175
78.7443 117.304
205.778 124.019
222.976 121.146
244.142 123.287
261.536 132.222
242.472 135.313
223.322 132.841
76.6328 261.345
94.4837 256.624
114.076 251.929
133.845 255.396
159.207 257.123
182.413 268.239
203.951 282.889
180.233 292.059
156.289 299.428
130.22 298.999
107.752 292.721
90.5865 277.529
108.641 267
133.583 270.669
165.283 274.113
165.437 279.144
133.246 275.479
107.304 269.719
Bounding box out of bound: 12.6374 -28.8216 403.836 491.443
num of cols: 400 num of rows:400
Face detect failed
