Debug 6: nFaces= 1
Debug 7: score= 0.936576
37.6792 126.746
44.4444 111.302
59.2624 103.353
75.6744 100.215
92.0392 101.181
139.522 81.2618
158.124 69.5292
178.557 61.8664
200.93 63.336
220.49 73.7805
119.159 117.357
117.767 131.385
116.326 146.106
115.362 161.215
116.338 194.252
124.311 192.217
133.014 189.469
144.791 185.357
156.101 180.806
65.6018 152.246
73.951 142.676
86.0766 137.828
97.8356 137.62
87.5406 144.398
76.9955 149.558
161.94 118.759
173.105 111.475
186.742 108.24
200.627 109.694
187.545 115.982
174.377 118.453
114.214 253.016
117.713 237.278
125.4 222.983
139.42 217.232
158.49 211.51
177.897 217.043
195.481 226.727
184.934 241.068
168.402 250.568
150.977 255.632
137.852 259.978
123.902 260.553
132.152 235.239
143.052 227.483
164.128 223.953
165.256 234.473
146.008 239.337
135.478 243.662
Bounding box out of bound: 43.4759 16.3811 338.678 408.65
num of cols: 400 num of rows:400
Face detect failed
