Debug 6: nFaces= 1
Debug 7: score= 0.288046
90.0943 99.9124
103.289 98.1413
116.364 98.6738
129.218 103.25
141.885 107.747
179.412 118.253
188.499 115.237
200.088 111.955
212.218 112.474
223.448 116.704
157.914 126.673
153.773 142.927
149.222 158.726
144.326 174.614
120.612 183.009
127.122 189.935
136.344 194.54
149.234 194.672
160.938 190.694
103.081 115.545
114.779 115.548
125.641 118.153
131.422 122.645
122.512 123.006
112.412 120.747
176.397 130.084
185.859 130.214
195.762 131.221
203.748 135.004
194.799 137.855
184.657 135.707
91.0697 223.346
99.9759 207.922
117.151 200.505
136.062 205.153
153.156 206.208
164.568 217.568
166.129 233.621
156.754 255.217
141.19 269.165
121.665 271.488
103.436 263.462
93.33 245.308
109.458 213.337
133.522 216.906
154.882 221.038
149.554 250.027
126.316 255.16
104.164 242.744
