Debug 6: nFaces= 1
Debug 7: score= 0.869203
58.1328 100.222
70.7431 87.7349
87.3616 79.5653
105.486 77.7333
123.23 80.3631
173.392 82.0823
181.291 78.0482
189.66 76.7873
197.922 78.6051
205.417 83.7965
158.994 109.39
169.334 122.806
180.238 135.543
190.261 148.858
156.351 184.953
168.847 183.651
181.394 181.943
186.676 181.062
191.945 180.447
88.2595 134.2
99.0233 129.925
109.811 128.298
121.452 129.224
111.299 134.175
99.8167 135.814
175.211 125.374
183.773 124.132
192.22 123.343
200.126 126.076
192.76 128.551
184.018 128.603
130.335 234.912
145.674 221.252
163.52 210.502
184.444 208.457
196.47 206.955
205.012 215.126
206.102 226.364
204.313 236.361
196.417 243.849
185.102 246.622
165.673 247.106
147.058 242.203
159.42 221.863
184.266 216.021
194.63 218.597
195.078 232.063
185.133 234.032
161.009 235.109
