Debug 6: nFaces= 1
Debug 7: score= 0.613314
31.7677 94.9195
48.9509 85.0675
70.411 88.8144
90.0435 95.0919
109.292 101.046
168.026 87.2687
182.441 74.8404
197.416 60.4573
214.344 47.3852
231.298 48.1774
144.384 115.244
149.493 137.376
154.264 159.217
157.964 179.792
132.946 192.895
145.125 198.44
160.642 198.69
172.811 192.042
182.018 182.018
68.1243 133.072
82.2736 133.195
96.3378 129.507
107.355 124.608
96.9715 134.016
82.6478 137
175.446 107.527
190.03 106.962
204.519 104.162
215.786 99.9823
205.511 109.358
190.385 111.822
109.237 233.996
124.05 226.053
142.086 221.894
160.9 220.462
174.163 214.755
188.966 212.491
201.661 215.577
194.259 232.685
182.477 245.357
165.976 251.967
144.291 253.417
125.239 247.406
142.524 231.01
163.694 227.793
177.62 223.077
178.442 229.225
164.296 236.13
142.588 238.223
Bounding box out of bound: 35.1383 -4.89192 352.121 416.418
num of cols: 400 num of rows:400
Face detect failed
