Debug 6: nFaces= 1
Debug 7: score= 0.423968
119.106 82.6484
121.753 79.8891
125.553 76.7511
131.21 78.1462
137.552 78.9445
166.461 80.2095
182.187 75.1812
198.702 74.1732
213.245 80.4505
228.84 89.7254
148.113 112.525
137.355 129.293
126.972 145.851
116.824 162.217
118.419 181.534
123.559 185.953
130.159 187.737
139.2 186.868
148.963 185.113
130.374 116.223
133.06 110.238
139.653 109.472
145.457 114.089
139.999 116.52
134.547 117.086
184.315 114.518
188.981 109.429
195.529 109.813
205.01 113.343
196.355 116.492
189.51 116.035
128.809 228.498
125.069 218.948
127.045 214.667
131.805 214.697
147.416 213.753
163.105 219.378
176.558 230.549
164.424 240.316
150.012 245.987
136.409 246.718
131.622 243.533
128.4 236.705
131.779 223.87
133.575 223.403
151.904 225.384
153.147 232.876
135.852 234.292
133.796 231.559
