Debug 6: nFaces= 1
Debug 7: score= 0.146771
104.955 167.794
110.395 166.88
116.235 167.515
121.853 169.015
126.919 172.302
144.811 175.569
153.162 175.606
161.036 178.024
168.426 181.275
174.468 186.091
131.791 182.075
129.132 188.623
126.692 195.191
124.193 202.038
115.694 207.746
119.903 210.94
124.752 212.966
130.763 213.357
136.59 212.495
106.328 177.962
111.856 174.975
118.123 176.975
122.403 181.625
116.275 182.046
110.312 181.191
147.538 187.728
153.635 184.9
160.062 187.123
164.625 191.635
158.676 191.9
152.947 190.678
104.768 219.635
110.457 216.928
117.384 216.214
125.153 217.384
134.669 220.664
143.111 224.082
149.056 229.004
141.454 232.293
132.129 232.949
122.141 231.876
114.878 229.524
109.032 224.975
115.849 219.132
124.548 220.282
136.18 223.752
134.865 228.996
123.083 227.324
115.134 224.865
