Debug 6: nFaces= 1
Debug 7: score= 0.214213
102.638 87.8366
110.83 85.9734
118.81 85.2917
125.964 89.9053
131.425 97.2586
170.033 105.664
183.81 108.978
196.323 112.086
207.795 117.488
219.331 125.22
145.86 122.912
139.461 137.322
134.506 151.166
129.717 164.74
127.742 194.868
132.559 201.005
139.126 204.09
147.69 204.927
157.201 203.543
110.94 117.279
115.582 112.591
125.747 115.741
133.829 122.493
125.132 125.271
116.616 123.539
175.348 134.631
182.447 130.316
192.947 133.689
204.757 138.956
193.502 141.04
182.132 139.42
124.868 244.547
125.609 240.161
129.396 235.545
135.787 239.993
148.614 241.179
158.142 248.642
165.883 255.524
156.051 259.559
147.506 264.394
136.319 265.343
129.839 260.609
126.239 251.81
134.571 246.398
136.407 250.751
148.561 252.045
146.47 251.807
135.456 250.387
134.031 245.926
