Debug 6: nFaces= 1
Debug 7: score= 0.788234
96.4341 95.0375
105.226 88.0765
115.868 86.0903
127.051 88.2136
137.392 92.9872
179.065 89.1485
197.2 84.0463
216.266 83.0018
234.354 91.1271
249.817 102.912
151.207 111.781
141.858 125.136
132.039 137.084
122.61 150.136
124.488 185.549
128.755 187.223
136.381 188.043
147.015 188.144
157.444 187.013
113.902 126.347
119.739 118.804
130.072 118.719
140.447 124.188
131.041 130.816
121.387 131.421
191.282 124.982
202.708 117.856
215.362 118.414
227.973 124.417
215.603 130.812
201.805 131.476
120.163 237.003
120.404 226.431
126.447 216.499
137.86 214.949
157.165 216.599
173.253 226.571
186.078 239.742
172.53 251.134
157.124 259.789
140.595 262.747
129.288 259.402
121.649 249.84
131.629 228.902
140.758 226.45
159.706 229.194
158.85 241.503
141.112 243.025
132.378 240.912
