Debug 6: nFaces= 1
Debug 7: score= 0.533126
102.702 87.3844
110.309 86.7424
119.458 88.3368
128.367 93.8457
135.957 99.4076
164.03 107.683
179.878 107.959
196.43 110.348
211.606 117.275
223.998 128.678
144.492 115.78
136.966 128.067
129.72 139.784
122.774 151.643
121.791 170.816
127.076 176.723
134.908 179.74
144.736 179.05
153.82 176.069
109.825 110.769
116.433 109.344
124.836 110.126
131.548 112.929
124.15 112.931
116.239 111.825
179.235 127.746
188.114 130.617
196.534 134.526
206.36 139.347
196.801 136.87
186.433 133.443
119.362 216.135
118.116 203.51
124.613 194.506
136.624 196.517
156.342 199.174
171.119 213.263
178.737 229.453
169.935 238.178
155.48 244.449
137.982 242.583
127.431 236.242
120.809 225.129
126.827 203.913
137.131 205.179
157.353 211.262
157.567 228.914
138.732 227.383
129.862 220.564
