Debug 6: nFaces= 1
Debug 7: score= 0.382775
91.1891 98.7165
99.94 89.1174
113.016 88.5534
125.75 91.524
137.274 97.2032
166.483 93.3432
179.132 89.5072
191.956 87.1369
203.591 90.5435
211.366 100.58
152.916 126.414
153.257 139.351
153.509 152.016
153.726 164.189
142.297 173.218
148.201 175.527
154.548 176.911
160.803 176.565
166.045 174.646
112.636 133.486
118.512 129.624
125.703 129.406
133.825 131.049
127.615 136.948
119.513 137.403
169.831 131.783
176.642 127.925
184.373 129.77
192.587 131.901
185.844 136.332
177.42 136.06
132.944 201.393
140.266 195.989
147.22 192.592
154.38 195.316
161.576 194.455
168.373 197.76
176.079 202.367
169.226 208.587
162.818 214.114
152.996 215.541
144.764 212.844
138.388 207.8
145.617 199.133
154.865 199.748
161.533 200.746
161.664 202.286
154.289 203.838
145.38 202.15
