Debug 6: nFaces= 1
Debug 7: score= 0.487036
101.955 95.5406
105.443 92.4856
110.807 92.702
116.489 95.9063
120.886 101.799
153.983 91.0957
166.789 78.3544
181.365 70.1774
197.239 71.1182
210.497 79.2547
139.526 122.538
135.92 143.069
132.301 163.165
129.333 183.377
131.89 199.416
139.499 200.688
148.217 199.305
161.157 194.449
172.31 187.735
110.038 140.942
115.057 137.289
122.985 134.289
130.462 135.362
123.652 140.405
115.953 142.269
174.647 130.094
185.133 125.564
195.802 123.819
206.51 121.263
196.793 129.741
185.096 131.99
153.064 231.612
151.861 226.332
154.674 221.167
160.129 217.385
177.911 212.938
197.429 210.531
217.967 210.264
206.489 224.277
191.163 235.426
174.205 241.831
164.335 241.539
156.482 238.491
157.652 226.672
165.117 221.139
191.411 215.593
193.888 221.681
168.487 230.124
159.238 229.264
