Debug 6: nFaces= 1
Debug 7: score= 0.75839
37.9912 94.6405
56.5716 86.3702
78.7227 87.4247
99.4404 94.9031
119.959 99.5365
174.3 96.0064
198.303 86.8794
221.695 76.7712
244.605 75.3784
265.443 83.9737
151.257 114.503
154.216 142.007
157.792 169.705
161.99 198.222
126.32 194.565
143.03 205.001
163.343 208.554
180.258 202.051
193.327 190.248
59.6537 123.991
75.6889 122.407
91.8715 121.738
106.014 121.489
92.6822 126.164
76.272 127.544
190.978 114.141
207.509 111.878
225.946 110.738
241.304 110.627
225.076 115.781
207.383 116.72
96.2896 220.644
117.991 221.648
139.792 225.526
161.848 228.765
183.659 223.199
206.782 214.925
228.921 207.481
213.645 235.707
194.869 259.357
164.73 269.792
136.043 263.633
113.362 245.318
134.196 230.068
162.557 235.459
191.526 225.981
196.336 242.202
164.694 256.562
132.179 246.305
Bounding box out of bound: 30.5377 -9.71772 383.113 459.049
num of cols: 400 num of rows:400
Face detect failed
