Debug 6: nFaces= 1
Debug 7: score= 0.922808
64.633 72.9777
72.4029 62.6141
84.4241 59.1114
97.0118 60.906
108.978 63.4161
183.056 58.2772
201.973 51.1086
222.158 45.9719
242.385 50.4629
257.806 62.6922
143.089 107.265
138.694 126.908
133.771 145.035
129.679 163.608
126.643 190.634
133.496 193.596
142.112 193.948
156 190.884
169.247 186.704
88.8798 123.58
98.2088 116.504
112.979 117.031
125.394 122.056
113.031 128.629
99.3404 130.476
194.019 113.549
205.447 104.843
221.241 104.306
236.167 109.6
222.064 117.464
207.135 118.125
114.916 247.178
119.175 232.82
130.39 221.3
144.751 220.536
166.928 218.383
187.151 227.389
204.002 240.012
190.073 253.938
171.093 262.338
150.886 265.684
136.49 265.891
121.613 260.46
132.205 235.495
145.935 230.496
171.895 230.657
172.906 242.624
148.568 245.352
134.228 245.181
Bounding box out of bound: 65.5556 8.26808 365.899 407.392
num of cols: 400 num of rows:400
Face detect failed
