Debug 6: nFaces= 1
Debug 7: score= 0.311029
125.701 118.936
135.494 113.085
145.685 110.004
156.571 109.6
167.447 112.076
189.88 111.223
193.208 108.94
196.125 105.944
199.34 101.759
202.968 99.8073
179.634 127.672
183.201 141.055
185.914 153.58
187.576 166.16
162.604 178.906
169.718 181.674
177.731 183.218
183.242 181.821
186.603 179.114
130.849 133.187
138.468 129.037
147.893 128.02
153.996 132.063
147.545 135.956
138.889 137.141
181.133 130.754
189.026 125.386
197.711 124.105
202.724 128.882
197.075 133.414
189.325 134.211
137.106 202.133
147.359 199.488
157.598 196.419
168.953 195.625
174.073 196.516
176.011 201.151
174.831 205.713
172.213 209.95
168.441 214.7
162.671 217.334
153.179 214.647
144.984 209.379
153.32 201.173
168.205 201.162
173.292 202.664
170.409 208.393
165.948 210.23
153.557 207.856
