Debug 6: nFaces= 1
Debug 7: score= 0.108445
99.0748 66.081
114.106 61.3293
130.436 61.1211
146.225 68.6161
161.55 80.2479
196.702 99.99
207.616 92.5758
220.375 88.5185
230.503 91.8925
236.203 98.7076
167.221 125.635
161.737 142.147
156.876 157.761
151.935 173.371
120.582 186.526
126.878 193.774
135.555 198.759
146.048 198.711
155.842 197.157
107.415 106.174
118.421 104.761
128.378 108.01
134.256 116.334
124.49 115.569
115.545 113.097
189.391 130.464
197.99 127.026
206.668 127.645
212.868 135.401
205.261 137.132
197.717 134.473
81.3577 228.74
95.4593 224.578
110.973 221.355
127.126 226.249
138.164 226.895
145.614 235.247
148.217 245.91
138.475 257.666
127.308 265.45
112.75 267.632
98.1499 259.539
89.0648 245.45
105.405 235.779
121.175 240.461
134.92 241.607
133.04 251.691
119.333 252.546
103.588 243.748
