Debug 6: nFaces= 1
Debug 7: score= 0.907157
85.3725 140.061
88.869 134.296
94.5417 131.099
101.284 128.845
108.799 128.737
137.868 111.28
150.21 100.481
164.741 92.1182
180.549 90.8559
194.558 96.3501
127.149 137.431
125.529 147.786
123.712 158.082
121.861 169.008
127.497 190.549
133.152 188.858
139.823 186.682
147.858 182.76
156.653 177.44
99.7054 160.704
100.425 152.339
108.657 148.144
118.589 149.872
112.306 154.212
105.037 158.341
158.358 131.23
162.741 121.188
173.548 116.14
186.438 118.41
176.726 123.141
167.26 128.332
131.739 223.387
132.401 215.451
136.109 209.194
143.916 204.208
157.54 197.807
172.514 195.106
187.739 195.388
180.404 208.645
170.158 220.941
156.318 230.657
146.285 233.958
137.128 231.298
138.915 216.822
148.514 212.006
166.802 203.148
169.37 209.591
152.49 220.899
141.608 223.669
