Debug 6: nFaces= 1
Debug 7: score= 0.31837
97.8679 99.8393
113.079 97.7116
128.381 101.427
142.166 108.185
155.705 116.84
181.546 121.428
192.963 118.867
205.086 117.649
215.657 119.908
230.041 123.699
168.528 126.181
164.726 142.181
160.275 159.304
154.573 175.61
120.65 194.776
129.664 200.403
139.791 204.17
149.325 203.572
158.252 201.998
109.852 119.794
121.629 115.745
133.835 117.717
141.751 126.078
130.556 127.539
119.063 125.782
184.427 132.536
193.673 127.895
204.119 129.066
212.288 134.898
202.958 138.477
193.416 135.588
84.0507 229.283
96.4955 220.598
113.151 216.572
130.266 221.327
142.856 221.456
151.399 227.59
154.975 235.16
143.801 247.425
131.185 257.102
116.544 259.996
101.702 255.189
91.4936 243.243
106.275 231.313
123.876 236.952
140.106 236.97
137.705 244.362
120.166 246.57
102.321 239.784
