Debug 6: nFaces= 1
Debug 7: score= 0.107776
49.1118 93.7463
61.8992 84.61
77.3911 80.7305
92.7734 84.4925
108.399 92.5214
159.186 96.9317
176.094 84.8523
195.586 80.5451
215.22 84.6349
232.312 97.7157
122.242 125.479
115.815 149.169
109.351 171.905
103.293 195.264
94.1554 214.333
100.923 221.769
112.388 226.156
127.805 224.288
142.836 217.561
71.7685 128.493
81.0425 123.852
92.0745 125.685
101.468 131.376
89.8345 132.828
80.0988 131.621
165.078 133.082
175.303 126.862
189.746 126.291
203.236 131.733
189.753 135.751
176.19 135.765
112.862 270.959
110.44 263.949
116.27 258.544
125.799 257.737
145.047 259.549
163.319 266.585
182.42 272.757
168.157 281.686
153.557 290.348
135.862 295.039
123.859 289.459
119.307 279.916
121.659 270.476
127.859 270.377
152.044 272.29
155.694 280.401
133.299 279.565
125.215 276.506
Bounding box out of bound: 52.6763 46.4386 336.244 423.196
num of cols: 400 num of rows:400
Face detect failed
