Debug 6: nFaces= 1
Debug 7: score= 0.171582
34.9108 55.4345
55.6171 46.3881
76.5624 43.8299
97.9785 46.8827
118.508 53.8176
175.736 58.8565
188.626 55.5297
202.36 53.4011
215.224 55.8045
227.277 64.5831
132.532 101.103
130.518 121.983
130.561 143.889
130.113 166.172
96.8808 196.734
105.402 202.642
115.133 205.347
127.679 205.709
139.306 202.598
61.2724 105.352
74.6144 109.446
84.7539 109.084
93.5377 103.367
84.4917 105.289
74.7886 106.251
159.457 110.557
168.548 117.724
176.272 121.376
183.803 119.27
174.612 118.636
166.816 116.071
64.8052 236.987
83.2465 229.856
100.853 225.96
115.56 229.207
120.893 228.079
123.545 234.023
124.418 240.458
117.139 243.547
109.913 246.329
102.517 249.127
90.9649 245.86
76.9809 241.785
84.0075 238.346
109.754 241.133
122.839 241.08
118.943 234.2
105.135 235.46
81.9041 231.59
