Debug 6: nFaces= 1
Debug 7: score= 0.87992
96.3695 76.0711
107.521 71.9211
119.384 76.0863
129.719 84.7676
139.273 94.2328
190.698 113.795
208.026 114.007
225.539 117.091
240.675 126.172
247.783 141.351
155.859 133.399
149.892 146.676
144.087 160.034
138.335 173.068
120.404 185.421
127.269 189.25
134.111 192.486
144.818 194.316
154.607 195.406
102.256 111.956
114.072 110.258
125.171 115.47
133.053 124.789
121.13 123.495
109.483 118.886
186.493 144.347
198.202 142.388
210.775 147.592
220.021 158.994
206.928 157.609
194.929 152.811
95.7645 224.184
102.705 213.928
115.048 210.266
126.163 216.273
142.746 218.707
154.754 229.504
161.19 242.797
149.821 255.208
133.741 261.116
116.237 257.845
103.058 250.368
96.3131 237.04
112.604 221.158
123.681 224.013
141.539 230.148
137.529 247.477
119.574 243.482
107.778 237.195
