Debug 6: nFaces= 1
Debug 7: score= 0.886736
53.1569 116.774
62.9682 103.897
77.022 94.0257
94.1068 89.8458
111.585 90.9092
159.163 84.7037
167.448 77.8174
177.095 74.1926
187.3 74.7334
195.594 79.9163
145.875 113.053
155.487 127.281
165.973 140.698
175.941 153.669
146.536 184.971
159.637 183.222
172.587 180.398
179.156 177.097
184.439 172.884
80.6358 146.735
93.1088 144.166
103.821 140.798
115.198 137.197
104.696 143.201
92.7369 146.432
163.785 127.324
173.506 125.787
183.148 124.381
191.844 125.064
183.319 127.399
173.77 127.598
127.101 232.994
140.189 219.752
155.724 207.615
175.377 202.738
185.962 198.949
195.559 204.607
197.367 214.584
195.592 223.626
189.132 229.805
180.215 233.592
162.509 237.969
144.575 236.75
150.569 220.435
176.339 210.906
188.165 210.217
188.864 219.334
177.921 222.918
153.025 229.172
