Debug 6: nFaces= 1
Debug 7: score= 0.41738
129.381 84.9671
131.09 82.1097
134.542 79.4915
139.596 80.9433
144.853 82.4741
169.048 82.0649
184.66 76.2294
201.36 75.8464
216.46 82.8342
231.669 93.4226
151.858 112.594
140.598 129.312
129.919 145.672
119.95 162.277
122.473 179.754
127.659 184.433
134.994 186.273
143.911 184.629
153.774 182.421
138.455 116.547
139.418 110.589
145.721 109.473
151.256 114.727
146.094 116.643
141.531 117.158
186.727 114.448
191.658 108.602
198.742 109.099
208.283 113.319
199.248 115.856
192.035 115.587
133.472 225.199
130.449 216.063
132.718 212.326
137.913 212.085
152.625 211.018
167.158 216.516
179.821 226.835
168.587 237.148
155.404 242.965
142.327 244.109
136.376 241.604
132.79 234.132
137.489 221.686
139.575 221.279
154.936 222.463
156.402 229.616
141.439 231.625
138.597 229.126
