Debug 6: nFaces= 1
Debug 7: score= 0.141457
89.4572 116.638
94.8239 112.487
101.987 111.281
109.959 111.246
118.666 111.229
160.328 95.9675
170.864 87.9695
182.636 81.9847
194.492 78.9517
203.494 84.0399
137.986 134.738
137.72 150.613
137.245 164.862
137 178.575
128.001 196.988
134.766 197.892
142.085 198.657
149.5 196.76
156.945 195.664
93.2601 144.249
101.335 138.212
112.38 138.701
120.51 145.592
112.807 152.601
102.231 152.577
167.042 134.704
172.48 120.723
184.311 115.05
194.738 117.917
190.049 130.648
178.214 135.806
119.247 226.296
126.808 221.74
134.943 217.818
144.512 214.629
152.602 210.828
159.731 210.316
164.939 210.632
160.327 219.647
156.335 229.885
147.243 237.676
135.512 238.172
125.258 233.558
135.821 226.773
145.41 225.822
153.606 219.227
152.857 219.81
143.714 227.27
132.985 229.412
