Debug 6: nFaces= 1
Debug 7: score= 0.364357
62.6403 83.796
79.9441 76.8766
97.8618 75.5062
115.126 78.0232
132.376 82.4946
177.19 80.3777
184.244 72.162
193.817 66.0284
205.257 62.8542
215.339 64.8997
155.937 118.853
157.742 141.663
158.755 164.421
158.941 188.154
119.125 190.817
133.409 200.972
147.787 206.427
161.629 203.931
173.61 195.183
80.1692 108.87
93.0387 108.611
106.382 108.13
115.911 110.951
106.033 115.839
93.7422 114.987
171.976 112.65
182.334 106.296
193.113 104.374
200.51 107.664
192.825 111.334
183.581 113.322
94.9103 244.829
108.404 232.9
125.302 229.202
143.276 232.415
156.612 231.763
167.013 240.342
170.23 253.311
164.264 264.035
152.8 268.518
141.031 268.985
125.017 263.93
110.237 255.56
122.971 239.468
140.638 243.528
152.629 244.286
154.954 251.716
142.002 250.418
124.195 244.957
