Debug 6: nFaces= 1
Debug 7: score= 0.166109
109.57 70.3696
121.673 68.8089
134.028 71.0763
145.842 78.5594
158.693 85.9527
212.887 102.816
221.531 100.537
232.242 96.2846
242.836 94.4377
254.66 94.2018
180.993 128.326
177.442 144.023
173.975 160.284
169.642 177.773
141.336 192.12
151.462 198.324
162.103 201.427
170.568 200.576
179.298 197.656
119.579 113.655
128.858 115.381
138.359 117.869
147.85 123.503
136.456 124.841
126.716 122.798
196.663 133.366
205.25 131.656
214.579 130.454
226.062 130.932
215.999 137.942
206.637 136.833
98.6164 227.189
113.508 226.075
131.557 227.081
148.39 231.842
160.285 230.057
171.483 232.183
181.293 235.094
171.613 253.39
156.304 263.921
137.183 266.763
117.189 260.488
104.047 246.796
124.828 237.41
144.925 242.986
159.808 240.333
159.895 251.728
141.24 255.756
119.599 249.062
