Debug 6: nFaces= 1
Debug 7: score= 0.88845
66.1479 120.133
69.6389 111.706
76.4941 107.116
85.6739 105.646
94.9828 106.903
135.896 94.0472
150.572 79.6714
168.994 70.0574
189.529 69.5313
206.78 79.8443
124.215 129.489
123.28 145.149
121.786 160.127
120.648 175.417
126.635 201.737
132.701 201.73
140.523 199.425
151.013 195.116
160.293 190.182
87.8625 154.524
90.8186 140.965
103.749 138.08
117.456 144.721
107.588 150.505
96.7872 154.919
162.757 129.344
167.884 113.365
181.926 107.271
197.745 113.313
187.955 121.677
174.779 126.9
131.124 248.052
130.068 236.557
133.942 225.938
144.852 222.297
161.024 216.612
178.106 218.342
195.128 222.815
187.131 237.913
174.68 249.475
159.411 258.027
147.068 260.676
136.668 257.724
138.005 238.068
148.638 230.759
170.443 224.785
174.268 234.933
154.431 245.062
142.291 248.175
