Debug 6: nFaces= 1
Debug 7: score= 0.0288263
55.4348 84.4424
65.3954 77.555
76.1666 74.4331
87.8264 79.4339
98.5818 86.7723
125.028 90.2758
136.059 89.6194
147.15 89.1154
156.602 90.0078
160.618 97.1921
117.243 122.588
119.776 139.686
121.25 154.634
122.809 167.95
111.099 188.708
116.296 190.356
121.365 193.564
129.847 194.788
137.155 193.217
70.656 113.071
82.7422 110.683
94.3955 113.268
101.73 124.853
91.8626 124.613
80.6141 122.305
122.275 129.814
133.077 123.231
143.735 123.787
149.919 130.244
142.807 134.954
132.96 135.16
103.098 234.852
106.303 226.103
111.874 220.009
121.351 220.89
129.589 224.117
129.036 233.134
127.543 238.549
123.33 239.714
121.349 244.193
115.038 248.231
110.762 243.014
107.837 238.639
107.744 226.715
119.78 226.423
130.027 230.132
124.223 244.602
114.225 246.673
103.987 241.613
