Debug 6: nFaces= 1
Debug 7: score= 0.241392
95.0433 92.0012
105.649 89.4575
117.189 88.2822
129.235 91.5466
141.882 94.5813
207.053 107.535
215.73 107.692
226.086 105.821
236.541 105.881
247.579 106.824
173.369 129.021
170.679 144.137
168.046 159.981
164.448 175.682
136.338 194.382
145.343 198.429
155.256 199.846
164.15 199.463
173.268 196.153
111.382 117.504
121.023 117.768
131.746 118.815
140.586 122.827
130.107 124.821
119.397 124.11
190.364 130.078
198.801 128.821
209.057 128.132
220.688 129.901
210.451 136.257
199.777 133.871
95.1698 232.062
108.809 223.593
127.772 220.439
146.445 224.401
159.005 222.892
169.336 229.419
174.857 237.505
167.174 258.256
152.534 271.664
132.551 276.006
112.17 269.55
99.5244 253.732
122.462 237.383
142.621 241.166
155.948 238.873
154.253 253.423
137.746 258.199
116.163 253.683
