Debug 6: nFaces= 1
Debug 7: score= 0.796601
87.1391 95.2174
95.2819 91.9683
104.476 93.5328
113.118 95.9628
123.01 100.217
160.3 92.5276
173.003 84.9389
187.773 80.3893
203.861 78.4257
221.354 79.1517
142.679 116.51
136.906 137.499
130.5 158.193
124.631 178.447
132.875 196.656
139.725 197.217
147.794 195.881
158.034 193.749
169.481 190.293
101.435 139.983
107.117 136.674
118.486 133.162
129.53 129.036
121.442 137.671
110.715 140.839
183.131 121.345
192.562 118.887
205.349 117.251
219.985 114.465
207.545 121.847
193.583 124.212
155.698 241.512
151.044 235.626
150.914 229.849
157.996 227.169
176.009 224.454
193.895 228.76
211.439 233.551
199.353 241.331
187.621 248.277
172.148 253.538
162.91 251.674
157.988 247.749
157.764 236.959
163.803 235.785
184.44 232.455
185.666 234.84
166.9 239.161
160.483 239.847
