Debug 6: nFaces= 1
Debug 7: score= 0.114479
110.431 79.559
118.586 73.278
128.136 74.0222
135.635 78.3724
142.487 86.4911
191.019 117.429
201.96 122.269
210.949 130.593
215.143 142.314
215.452 155.982
151.918 127.897
148.403 139.829
144.679 150.691
140.527 161.656
105.332 184.328
111.122 190.627
118.48 195.293
125.242 200.548
133.472 205.489
108.481 118.574
116.251 121.341
124.115 125.091
130.203 132.18
122.08 127.933
114.55 124.458
171.644 164.141
178.986 171.359
185.408 177.724
191.729 185.036
182.834 178.021
176.108 172.096
58.6576 226.857
75.7873 214.943
93.779 207.98
110.153 213.51
125.145 227.341
127.158 248.228
121.827 271.247
106.335 273.133
91.1346 272.567
76.7825 266.352
65.8449 253.626
62.9624 240.201
80.1382 218.217
101.026 228.818
119.735 244.16
108.413 261.547
85.1461 253.766
68.9625 237.154
