Debug 6: nFaces= 1
Debug 7: score= 0.0737254
77.8494 73.3004
85.0053 68.0802
96.5663 66.5788
108.037 70.321
119.419 77.907
173.393 96.0008
189.952 93.3
206.867 94.3651
223.085 99.81
237.449 110.842
134.928 119.6
126.354 139.34
116.495 159.028
106.358 178.151
101.916 186.431
106.635 193.83
116.837 198.646
128.375 198.177
141.096 193.649
88.6888 106.396
94.1865 103.187
103.441 106.029
112.841 112.199
102.342 113.215
94.2915 111.737
174.679 126.645
183.581 123.641
196.871 124.683
210.706 129.439
196.713 132.105
184.724 130.985
107.044 228.751
104.92 222.124
108.073 219.904
115.893 221.917
131.266 225.279
148.89 233.585
167.137 247.836
152.829 249.764
138.199 248.974
124.412 247.152
115.452 240.708
110.581 234.638
113.233 228.148
118.786 229.274
142.783 236.52
146.514 244.796
124.26 239.822
115.865 233.74
