Debug 6: nFaces= 1
Debug 7: score= 0.8991
87.5628 124.542
91.124 121.391
96.7928 119.82
103.262 119.058
111.069 118.79
136.188 104.956
147.513 95.4353
161.657 90.2486
176.444 92.5375
189.13 99.1694
126.221 128.983
126.343 141.183
125.552 152.811
124.144 164.462
126.966 179.074
133.707 180.856
140.736 179.638
147.848 175.77
155.8 169.612
102.425 139.539
105.117 132.627
113.032 130.998
119.402 132.83
114.899 138.43
108.68 139.93
149.183 123.804
155.019 115.993
164.664 113.683
174.767 115.271
167.388 120.569
158.056 123.671
136.963 214.305
133.182 206.329
134.311 196.742
143.445 191.602
158.977 186.437
173.875 187.498
186.769 192.759
183.359 207.155
175.073 219.906
161.425 227.885
150.421 229.997
141.669 222.738
137.872 204.771
147.626 197.619
166.634 192.137
174.684 210.603
158.707 222.751
145.627 223.096
