Debug 6: nFaces= 1
Debug 7: score= 0.168954
74.8522 102.349
75.8744 91.9501
81.2852 90.463
86.0823 95.8786
89.255 103.298
131.222 95.0607
147.954 82.5671
167.682 76.2347
187.734 73.9785
207.539 77.3969
106.912 117.693
94.9029 145.268
82.4166 171.843
70.3579 199.506
89.1049 228.074
91.6928 232.407
96.716 234.214
113.25 229.866
129.837 222.224
78.6989 160.27
80.6186 151.498
86.8286 146.322
95.6851 141.291
90.7355 149.864
85.3716 155.799
171.243 128.152
178.088 123.29
189.765 121.716
203.503 122.322
191.91 123.64
181.449 126.612
115.777 302.325
106.723 291.207
103.837 278.61
109.784 275.479
131.985 271.314
157.317 279.361
182.389 290.954
163.437 301.632
143.422 310.199
126.85 315.166
121.976 314.638
118.162 308.367
116.024 295.627
117.302 287.877
146.868 287.591
146.862 291.44
120.959 294.17
119.289 297.661
Bounding box out of bound: 67.179 76.6458 316.095 407.2
num of cols: 400 num of rows:400
Face detect failed
