Debug 6: nFaces= 1
Debug 7: score= 0.372782
100.971 89.4184
103.611 88.0169
106.604 86.5771
109.908 89.0076
111.614 93.9006
161.374 82.7627
174.464 73.4635
189.458 70.3075
204.283 73.49
215.067 84.4576
140.065 127.637
136.119 144.476
131.387 160.374
127.68 176.448
131.603 191.026
136.97 192.127
142.272 192.015
153.947 188.798
164.093 184.571
111.743 130.098
116.217 127.171
123.809 125.53
130.321 128.814
123.31 133.264
115.713 133.44
174.624 127.708
183.941 122.769
193.273 121.563
203.371 120.64
194.122 128.172
184.325 129.928
148.837 225.184
146.312 219.599
148.412 213.445
154.13 210.775
170.511 209.177
187.704 209.196
204.787 210.455
193.317 224.989
179.499 236.41
162.941 241.42
154.481 240.172
149.559 234.159
156.306 222.749
158.271 219.406
175.707 216.462
175.982 219.22
159.094 222.649
157.179 223.556
