Debug 6: nFaces= 1
Debug 7: score= 0.141416
78.1964 71.5792
83.9338 68.2603
90.6081 63.7597
98.8888 62.5306
108.364 61.037
175.877 77.4485
191.471 82.4794
204.588 90.5957
214.467 104.002
221.912 117.519
133.625 119.942
130.263 132.787
128.539 144.096
126.604 155.553
122.203 198.287
125.339 202.632
130.381 205.255
138.625 206.785
146.297 207.038
88.5633 120.425
96.4944 112.86
110.01 115.12
119.891 124.562
108.284 129.433
96.2798 127.818
159.109 128.709
170.841 123.677
185.149 127.113
195.296 135.955
182.175 140.587
168.944 137.537
111.732 259.704
111.217 245.06
118.12 234.09
130.335 236.536
144.174 238.978
150.702 250.951
154.71 266.473
147.034 279.119
137.646 288.7
124.866 293.439
113.353 287.848
109.771 273.777
122.006 250.202
128.605 254.867
141.597 256.404
138.012 271.03
125.005 274.535
120.171 267.426
