Debug 6: nFaces= 1
Debug 7: score= 0.172984
96.7921 86.0918
104.399 79.1444
112.357 77.2937
120.428 75.5274
129.648 76.4933
168.975 70.1621
185.109 65.0935
201.956 66.4943
214.795 75.3261
223.788 88.1001
153.065 114.76
152.421 139.029
151.094 163.593
150.939 188.68
138.012 214.057
146.19 217.488
155.644 218.682
166.672 213.574
175.478 206.188
91.9624 126.604
102.9 117.756
116.757 119.689
132.316 128.301
115.504 130.713
103.168 130.943
177.089 122.543
189.468 109.308
204.108 108.542
217.918 116.228
204.086 120.822
190.982 122.572
123.919 271.418
130.329 257.368
140.02 245.253
151.188 245.705
160.839 243.467
172.48 251.671
179.633 261.939
171.914 272.233
166.636 287.701
153.93 297.34
141.892 292.547
133.759 281.447
139.911 267.499
150.973 265.28
161.333 262.652
164.584 267.063
151.676 272.582
140.126 271.995
