Debug 6: nFaces= 1
Debug 7: score= 0.0709127
89.3822 115.513
98.0136 104.531
110.794 98.6019
125.697 97.4243
140.016 99.9561
173.925 92.7298
181.964 87.2875
191.889 84.3137
202.227 87.4714
209.657 94.2349
155.173 118.097
156.924 131.091
159.472 143.254
161.368 155.471
146.005 185.831
155.388 181.67
161.624 179.096
166.933 177.162
173.546 177.091
106.381 141.359
115.778 135.669
125.211 131.131
131.922 132.326
124.621 136.232
115.214 139.405
169.63 125.234
177.998 119.297
187.731 117.918
196.385 121.599
187.644 124.595
178.59 125.119
112.941 217.204
124.124 209.777
138.828 203.246
157.415 198.029
171.595 194.483
182.84 196.91
188.272 203.601
182.016 216.088
172.996 227.759
156.505 236.121
138.222 235.911
124.003 228.085
130.075 211.633
154.841 208.758
174.436 203.53
177.387 219.847
156.602 228.998
129.816 225.735
