Debug 6: nFaces= 1
Debug 7: score= 0.847895
33.6091 147.283
46.5036 128.876
64.3212 114.781
85.1982 105.66
107.029 99.1732
155.424 87.7994
172.434 81.8576
188.518 77.4358
205.067 78.3628
219.37 87.0299
135.752 104.899
144.815 118.207
153.745 130.335
162.854 142.564
143.27 182.062
156.32 180.484
169.258 176.405
179.501 172.511
186.697 168.288
61.989 154.682
74.2846 147.9
86.5653 141.417
98.0993 137.162
87.6522 143.769
75.7093 149.331
171.636 115.648
184.601 113.958
196.496 112.036
208.031 112.208
195.25 113.007
183.514 113.927
135.511 239.107
145.24 219.795
159.163 203.331
177.855 195.124
194.339 189.438
211.692 194.727
225.314 204.894
221.933 218.565
210.611 228.874
195.393 234.187
175.106 241.191
153.981 242.354
160.52 214.875
181.241 205.503
199.244 201.182
204.743 214.276
189.018 219.267
167.893 227.427
Bounding box out of bound: 38.0791 14.1909 340.943 416.676
num of cols: 400 num of rows:400
Face detect failed
