Debug 6: nFaces= 1
Debug 7: score= 0.0128941
74.509 68.9812
92.5844 62.1595
110.283 63.4454
127.975 70.4534
143.999 82.24
183.335 81.5252
190.75 77.5753
198.131 75.5193
205.755 76.0938
212.036 80.6268
164.47 104.369
170.165 115.939
177.065 130.243
183.65 143.168
143.694 184.019
157.628 179.262
168.907 178.688
172.688 178.611
175.793 181.453
101.452 119.295
112.953 124.356
122.824 122.529
134.496 116.533
124.241 119.312
113.601 118.83
168.756 125.923
179.058 134.463
186.661 137.404
192.19 131.372
185.437 131.565
177.268 128.645
112.972 234.536
126.606 221.967
142.069 208.331
160.568 209.43
170.945 210.404
176.117 225.358
178.689 241.913
171.491 256.616
161.419 269.781
150.174 274.998
132.031 269.489
120.563 251.407
142.146 226.743
160.068 225.308
166.883 229.49
162.874 246.147
155.128 251.338
139.404 241.755
