Debug 6: nFaces= 1
Debug 7: score= 0.783509
106.073 117.277
110.614 111.442
116.211 107.143
122.771 108.116
129.559 109.273
167.898 99.8244
181.643 96.6841
195.34 95.0922
208.313 99.5028
222.41 104.262
142.156 124.984
131.308 135.349
120.546 145.701
110.258 157.517
114.181 185.632
121.108 186.411
128.861 186.239
139.488 185.964
149.384 184.51
116.99 138.416
120.161 132.949
128.504 130.518
136.294 131.439
130.758 139.745
122.541 141.509
176.909 130.98
184.422 124.175
195.611 125.333
208.056 130.97
195.892 135.479
183.851 135.542
122.324 236.276
117.355 224.839
118.414 215.579
127.008 212.998
145.176 212.36
162.579 219.199
179.038 231.763
165.823 244.05
151.49 253.819
134.018 258.742
124.026 255.131
120.807 245.923
125.03 221.942
130.695 218.345
153.147 220.079
155.47 243.212
135.383 248.946
128.584 245
