Debug 6: nFaces= 1
Debug 7: score= 0.782448
98.8986 82.0534
100.093 78.8722
102.941 76.4927
106.211 78.0736
108.881 82.5416
150.141 71.2536
169.357 62.0857
189.235 58.0218
208.283 64.8265
222.086 77.6664
125.081 112.871
115.28 129.348
105.152 144.168
94.6346 160.056
98.5255 187.64
104.496 189.534
112.784 190.645
125.955 189.087
138.533 186.387
104.594 126.011
106.126 117.525
114.211 117.563
122.923 124.089
115.054 129.377
107.885 130.592
168.866 121.628
175.325 109.042
189.024 108.992
201.484 118.776
189.197 122.154
177.036 124.353
101.548 234.751
101.797 228.349
104.637 221.86
111.451 221.249
130.958 219.479
150.01 222.746
169.337 227.678
150.436 234.528
131.051 240.952
111.732 243.768
105.324 242.874
101.648 239.99
106.477 232.361
113.282 231.306
139.26 228.362
137.917 228.203
111.17 229.488
104.497 231.089
