Debug 6: nFaces= 1
Debug 7: score= 0.646565
7.55242 66.5319
33.1412 62.1338
59.5812 73.2051
84.4118 86.6528
107.559 97.5149
179.419 84.7673
200.432 72.9948
224.208 58.1635
249.446 47.5563
272.997 52.6532
147.818 118.681
153.755 153.235
157.942 188.616
161.985 223.59
122.972 212.413
141.082 226.588
163.959 231.667
183.139 223.303
197.94 205.977
41.8497 122.734
60.4965 125.545
80.4411 125.638
97.6376 120.23
81.4561 127.974
61.5983 130.302
191.548 110.299
208.215 109.952
227.548 105.905
243.938 98.1376
228.554 108.275
210.154 111.837
91.3461 255.768
113.15 250.066
137.931 252.923
160.992 258.74
179.435 250.107
201.21 242.764
217.532 242.897
206.628 266.635
191.339 285.859
166.962 294.531
136.878 290.213
112.46 276.797
135.543 262.622
162.572 266.568
183.744 257.799
185.572 264.4
165.436 273.828
135.676 270.702
Bounding box out of bound: -9.28828 -48.5799 401.865 498.291
num of cols: 400 num of rows:400
Face detect failed
