Debug 6: nFaces= 1
Debug 7: score= 0.836051
76.55 139.522
84.0706 128.753
93.0689 118.767
103.357 110.101
115.416 104.68
148.503 96.3003
155.764 95.0069
163.193 95.9451
170.076 98.0309
176.492 101.651
144.68 120.581
152.452 129.792
160.334 138.456
167.999 147.163
147.703 171.516
155.833 170.821
164.469 168.412
168.595 167.069
171.133 165.101
97.2425 143.175
103.309 139.373
109.838 135.885
116.967 133.087
110.331 137.128
103.356 140.395
156.125 123.238
162.609 121.684
168.864 121.787
174.605 124.746
167.302 124.09
161.262 123.275
135.354 210.266
143.419 198.253
154.196 188.426
168.059 183.562
176.168 181.737
183.033 186.311
187.307 193.553
187.276 202.215
183.334 211.392
174.145 215.958
160.686 218.764
147.126 216.444
152.182 197.204
168.913 189.96
176.485 190.237
178.84 199.67
171.837 204.377
154.738 207.909
