Debug 6: nFaces= 1
Debug 7: score= 0.476045
107.506 115.111
118.37 109.987
129.333 107.467
140.659 107.189
152.374 109.166
168.969 107.106
172.003 104.489
174.702 101.506
178.151 96.158
182.41 93.6192
160.938 123.498
164.755 136.677
167.482 149.378
169.047 161.846
144.301 169.745
151.245 174.682
159.194 176.832
165.504 175.393
169.259 170.964
111.738 125.793
120.257 120.519
130.161 119.152
135.997 124.366
129.318 129.427
119.96 130.323
162.288 123.009
168.918 117.2
177.116 115.32
182.51 119.35
177.725 125.273
170.038 126.627
120.679 191.718
131.133 190.044
140.976 187.798
150.831 186.92
154.345 188.108
156.334 191.48
155.708 195.794
154.438 200.851
151.602 206.706
145.212 209.642
135.574 206.63
127.666 199.742
136.746 191.345
149.886 191.884
153.048 192.383
151.491 199.547
147.784 202.806
136.051 200.046
