Debug 6: nFaces= 1
Debug 7: score= 0.864913
48.7343 115.238
52.1099 107.633
58.8962 103.158
67.7698 101.591
77.7335 101.499
123.302 88.8462
140.239 74.8888
160.896 66.2632
182.597 68.3113
199.686 80.1299
109.358 127.396
107.692 144.151
105.649 160.795
103.744 177.656
107.312 205.414
114.942 205.488
124.284 203.166
135.864 198.889
147.109 193.349
71.443 153.358
74.9663 139.703
87.8708 136.894
101.846 143.725
91.6791 149.205
80.7937 153.575
149.839 127.548
155.094 111.79
168.903 106.397
184.756 113.497
174.149 120.523
161.436 125.114
112.76 253.881
112.737 242.275
117.545 231.572
129.301 227.573
147.167 221.818
166.019 223.6
184.324 227.084
174.62 242.661
160.859 255.248
143.724 264.435
130.54 266.466
119.616 263.077
122.142 243.888
132.783 237.649
155.399 231.511
159.177 239.623
138.135 250.389
126.054 252.618
