Debug 6: nFaces= 1
Debug 7: score= 0.767994
38.0822 99.1316
53.2449 86.1625
72.1196 81.0555
91.699 79.6447
111.089 81.0712
177.676 77.4542
193.318 69.7842
211.084 66.7205
229.602 66.8495
244.131 75.2673
150.247 103.031
154.434 117.401
158.631 132.215
163.035 147.339
138.987 176.016
151.008 175.98
163.503 175.229
173.045 173.703
182.102 172.63
67.2879 127.938
80.0239 117.207
97.1271 115.442
110.094 122.665
97.4162 129.095
81.3501 130.826
181.513 116.498
194.748 107.306
211.064 106.613
224.959 116.404
211.213 120.175
195.564 119.63
121.904 231.01
132.381 213.809
147.536 200.848
168.226 197.542
186.011 195.296
201.604 203.796
212.534 218.867
205.236 232.67
190.881 241.171
173.328 244.073
154.275 244.464
136.732 240.223
146.579 214.45
169.233 207.956
189.557 207.858
189.045 222.388
171.751 226.737
149.836 228.62
Bounding box out of bound: 38.8574 -5.04401 360.549 422.545
num of cols: 400 num of rows:400
Face detect failed
