Debug 6: nFaces= 1
Debug 7: score= 0.790078
48.3833 97.4646
60.8527 83.1064
77.98 74.364
97.9084 71.363
117.861 71.2589
168.599 74.9075
176.118 71.8571
183.818 71.328
191.048 73.5108
197.482 78.6877
152.311 109.28
163.117 121.31
175.245 132.732
187.131 144.205
150.483 182.359
164.427 181.228
177.88 179.501
184.829 178.494
191.252 175.274
82.3044 137.898
93.471 134.233
104.38 132.252
115.68 131.112
105.661 135.614
94.5246 137.634
172.783 126.205
179.542 127.275
187.31 128.042
194.779 130.06
187.393 130.505
179.631 129.696
122.965 239.1
137.169 219.449
158.091 205.488
183.208 201.475
196.728 200.786
205.35 210.993
205.148 224.71
208.873 237.503
202.792 247.986
189.442 251.428
165.757 253.029
142.457 248.057
152.341 218.394
183.125 206.607
197.562 210.408
201.992 239.324
190.091 243.357
157.249 244.938
