Debug 6: nFaces= 1
Debug 7: score= 0.808561
108.705 121.84
111.035 116.259
115.294 112.879
120.103 114.236
124.512 115.963
162.5 108.471
174.731 105.64
187.512 103.938
199.038 108.107
209.894 113.299
138.674 131.887
129.298 140.928
120.501 149.445
111.918 159.066
114.653 185.332
120.643 185.869
126.84 185.817
136.06 185.286
144.964 184.051
117.8 141.497
120.753 136.5
127.811 134.298
134.25 134.893
129.633 142.341
122.988 143.93
170.144 135.688
177.431 129.73
187.678 130.557
197.469 135.036
187.879 139.422
177.096 139.737
118.741 227.272
115.375 218.047
117.381 210.457
125.413 208.347
141.309 208.417
155.64 214.888
169.604 223.97
159.461 235.735
147.196 244.475
131.902 249.04
122.072 245.542
117.754 237.15
121.289 216.608
127.974 213.974
148.091 215.128
150.144 234.664
132.293 239.164
124.463 235.718
