Debug 6: nFaces= 1
Debug 7: score= 0.440206
89.7237 105.244
99.0911 100.833
110.191 102.421
121.028 105.6
130.749 111.117
179.241 109.854
197.425 103.709
215.814 100.468
233.663 102.063
248.185 110.565
144.94 126.93
137.4 146.567
129.857 166.713
122.792 186.76
118.991 196.276
124.71 200.312
131.878 202.471
144.807 201.947
157.855 198.469
98.1672 133.595
106.811 128.817
118.472 128.625
128.034 131.958
118.164 136.194
107.038 137.475
190.692 134.773
202.275 131.367
214.641 133.149
226.306 136.456
213.623 139.682
201.727 138.846
127.31 219.057
128.407 214.125
132.779 212.408
138.354 213.685
153.73 213.189
168.186 215.861
181.65 219.413
167.407 218.697
154.344 217.768
141.088 217.442
136.427 216.014
132.446 217.174
132.904 218.269
138.851 222.304
158.065 219.918
157.724 210.232
140.106 209.602
133.945 208.233
