Debug 6: nFaces= 1
Debug 7: score= 0.139355
77.7274 108.193
87.5738 105.094
97.9184 104.178
108.656 105.866
117.642 110.947
172.101 102.026
184.403 94.7426
197.94 91.2734
211.555 91.2171
223.648 95.9645
144.314 123.565
144.28 137.951
144.267 151.623
144.171 164.782
132.347 177.283
139.742 181.512
148.591 183.396
158.502 178.899
165.538 171.781
90.5036 131.367
98.8176 124.803
110.904 123.999
121.432 128.889
110.937 135.028
98.6199 136.032
175.924 122.197
185.935 116.637
197.592 114.832
208.645 119.276
198.948 125.552
187.021 126.366
126.577 211.572
131.902 202.778
139.25 195.943
148.997 193.848
158.858 191.445
166.008 193.667
172.524 196.173
164.498 203.638
157.375 211.069
146.716 216.19
138.455 216.565
130.897 215.204
137.682 205.509
148.885 202.325
159.322 199.273
158.357 200.859
147.406 206.388
137.355 208.812
