Debug 6: nFaces= 1
Debug 7: score= 0.886571
49.5382 119.047
52.4078 110.679
59.1184 105.225
68.3815 103.646
78.6358 104.674
120.834 92.2808
136.721 78.574
156.054 70.5679
176.566 72.7318
192.365 84.1157
106.432 127.875
105.265 144.42
103.651 160.887
102.269 177.366
106.207 204.533
113.292 204.015
121.562 201.894
132.585 197.997
142.886 193.105
69.881 154.273
73.8674 140.438
86.7408 137.674
100.535 144.62
90.5003 150.691
79.6381 155.229
145.786 129.498
151.393 114.385
165.158 109.482
180.386 116.331
170.421 123.731
157.482 128.154
111.297 250.625
111.345 238.999
115.87 228.235
127.436 224.628
143.91 219.08
161.457 221.596
177.979 226.228
169.414 241.542
156.227 253.359
140.07 261.892
127.55 263.945
117.117 260.233
120.182 240.596
130.577 234.588
151.844 229.619
154.419 237.045
134.511 246.951
123.206 248.639
