Debug 6: nFaces= 1
Debug 7: score= 0.829899
69.8003 89.7642
83.4896 78.0513
99.3494 71.7574
116.976 70.9125
134.091 73.0169
188.727 72.7309
193.825 68.2035
198.972 66.8589
204.318 67.9135
207.094 73.384
163.89 115.096
174.631 132.291
184.944 148.954
195.001 166.504
152.411 188.256
166.47 190.352
180.735 189.654
189.384 186.87
195.015 181.883
89.978 134.982
101.357 128.85
113.348 127.646
122.578 132.794
114.692 135.145
103.456 136.029
174.331 125.209
184.353 120.002
194.441 118.22
199.18 124.028
195.531 128.801
185.761 129.14
113.28 226.198
133.925 217.515
155.041 210.942
176.165 208.373
185.694 207.105
193.697 210.108
195.683 216.373
195.561 230.887
188.344 240.847
175.189 245.995
152.374 246.245
130.344 239.328
145.296 218.817
174.902 215.077
187.332 213.447
187.457 229.662
174.394 236.629
143.775 235.519
