Debug 6: nFaces= 1
Debug 7: score= 0.108439
179.667 142.865
182.766 142.162
186.175 143.583
189.825 144.756
193.36 146.492
214.187 148.749
220.229 149.701
225.855 151.795
230.494 155.184
233.72 160.116
200.675 156.727
199.919 162.227
198.812 167.442
197.562 172.872
193.704 182.043
196.155 182.573
198.956 183.094
203.476 182.896
208.033 183.058
179.898 155.151
183.363 150.626
188.722 151.997
192.745 156.679
188.204 158.835
183.551 158.508
215.945 160.63
219.664 156.046
225.301 157.436
228.817 162.908
224.416 164.382
219.629 163.539
194.442 204.004
192.855 196.111
195.612 191.019
200.624 190.874
207.251 192.96
211.863 199.256
214.912 206.465
211.022 211.725
206.711 216.217
200.583 218.573
196.022 215.775
194.753 209.702
195.644 199.179
200.759 199.413
209.057 200.283
209.653 207.778
201.031 210.637
196.133 206.762
