Debug 6: nFaces= 1
Debug 7: score= 0.48428
104.937 102.561
107.661 100.977
111.083 100.264
115.725 101.695
119.668 106.512
153.015 94.1423
166.799 82.218
183.066 75.8293
200.232 77.8818
214.563 87.1371
140.609 129.157
137.008 148.05
133.111 165.807
129.676 183.418
139.943 199.452
144.589 201.985
150.134 201.63
161.028 197.668
170.026 191.068
122.934 142.258
123.398 137.055
130.503 133.939
137.827 136.48
132.657 143.29
126.383 144.321
176.763 132.1
184.262 126.347
194.758 125.178
206.153 125.475
195.415 133.827
184.47 135.092
164.438 228.573
161.056 226.115
159.342 220.876
163.263 217.93
179.557 213.554
197.071 211.832
216.921 210.311
206.993 225.089
194.086 236.783
178.605 242.442
170.43 241.789
165.074 236.824
165.849 226.332
169.349 223.227
190.066 219.354
192.886 225.068
173.704 231.353
168.913 230.444
