Debug 6: nFaces= 1
Debug 7: score= 0.887738
83.1957 124.077
85.9212 115.023
92.8156 109.423
102.588 107.321
113.504 106.864
161.538 94.887
177.718 81.362
197.291 73.251
217.934 74.5383
234.179 86.6451
144.857 134.087
143.784 151.317
142.313 168.466
141.05 185.986
143.617 211.946
151.041 211.841
159.657 209.819
171.974 205.807
183.358 201.003
106.409 160.254
110.694 146.117
124.085 143.104
138.605 150.652
127.606 156.212
116.378 160.841
186.268 134.995
191.901 118.248
206.222 112.234
222.103 119.675
212.407 127.587
198.964 132.66
149.085 258.53
150.373 247.822
155.446 238.476
166.299 235.586
183.351 229.925
201.207 231.937
219.313 233.397
209.847 249.377
195.852 260.611
179.11 269.417
166.751 271.42
155.902 268.067
160.353 250.854
170.114 245.51
191.236 240.032
193.749 246.078
173.325 254.842
163.044 257.884
