Debug 6: nFaces= 1
Debug 7: score= 0.938853
51.7023 116.8
62.0211 107.664
77.5364 105.291
92.6835 105.469
107.976 105.415
164.729 83.5195
177.949 72.7868
192.02 63.121
208.157 57.1718
224.096 60.4364
142.826 117.852
147.68 136.784
152.747 156.048
157.953 175.035
147.468 192.189
156.416 192.952
165.847 191.619
177.109 186.146
186.374 179.412
81.1951 141.242
92.1461 132.934
106.054 127.387
118.786 128.368
108.554 137.867
95.1802 143.124
174.71 108.112
184.531 99.5761
198.783 93.4953
212.764 93.521
203.509 104.175
189.315 108.843
148.547 242.246
155.666 230.936
164.473 220.379
176.964 217.193
190.842 210.01
206.519 210.882
222.021 214.32
215.427 229.132
205.635 242.388
190.096 250.235
175.082 252.507
160.941 249.242
165.914 230.503
180.444 224.86
198.093 218.079
201.049 225.514
183.441 233.536
168.34 237.865
Bounding box out of bound: 68.2816 32.0846 350.039 406.428
num of cols: 400 num of rows:400
Face detect failed
