Debug 6: nFaces= 1
Debug 7: score= 0.40597
104.79 83.8208
109.327 83.6686
113.76 85.7876
117.344 89.1821
118.933 94.2033
161.634 85.6388
173.037 75.1808
186.462 69.0542
200.725 67.7549
212.002 74.1221
142.741 122.047
139.455 141.476
135.502 160.087
132.556 178.17
134.474 190.577
141.407 192.113
147.637 191.125
159.767 187.704
171.728 182.426
109.062 126.726
115.842 125.1
125.537 123.486
133.269 125.933
124.648 128.999
115.524 129.382
178.394 125.009
189.352 120.463
200.887 118.267
212.228 114.953
202.177 123.422
190.209 126.148
150.516 221.269
150.59 217.971
154.35 214.097
160.664 211.489
178.111 210.089
196.338 207.637
214.795 207.862
203.337 219.296
188.408 228.058
172.005 231.99
162.352 232.134
154.961 228.872
158.9 219.062
164.591 217.347
187.161 213.095
188.436 217.598
166.988 222.05
160.848 221.651
