Debug 6: nFaces= 1
Debug 7: score= 0.877869
42.8346 100.492
61.2743 89.3618
82.8391 83.6372
104.84 85.6533
126.133 91.2434
171.054 95.7586
182.722 93.4736
194.547 92.339
206.19 94.4624
216.216 100.286
156.27 108.484
165.917 124.575
175.306 139.329
184.48 155.044
147.846 191.952
159.012 191.814
169.712 191.586
177.567 191.091
182.609 190.834
73.1688 123.336
87.5933 120.802
101.436 119.449
114.472 120.088
101.998 125.383
87.3046 126.576
169.113 124.717
181.977 124.266
194.512 126.405
202.759 132.597
192.205 133.177
179.896 130.031
114.99 249.431
132.14 236.62
149.763 225.349
170.815 224.862
183.17 224.503
190.453 234.77
195.321 246.759
191.023 256.58
180.931 262.276
168.813 263.351
149.463 261.921
130.736 258.101
143.407 238.224
168.304 235.646
181.367 237.932
181.447 246.68
168.803 247.912
143.78 247.597
