Debug 6: nFaces= 1
Debug 7: score= 0.885664
88.5303 104.536
95.1482 103.461
103.563 105.163
112.361 107.986
121.428 112.078
151.09 97.9757
167.418 87.2359
186.172 81.1573
205.368 82.3304
225 84.5871
139.628 123.937
141.187 146.112
142.433 168.956
143.924 190.862
148.891 205.8
157.263 208.478
166.432 206.967
177.822 201.249
188.067 193.947
111.755 133.042
117.142 130.925
126.552 129.88
134.773 129.361
128.346 136.041
119.383 138.26
184.866 121.252
192.382 119.592
203.897 116.822
217.087 111.633
206.297 120.491
193.903 123.461
178.57 238.224
176.138 235.142
178.226 231.76
184.38 229.609
201.731 224.562
219.434 221.32
236.973 220.993
227.331 233.631
216.764 244.695
202.114 252.406
191.492 252.008
183.295 245.352
184.287 236.78
191.057 234.998
209.698 227.918
211.9 232.515
196.471 239.801
188.066 242.13
