Debug 6: nFaces= 1
Debug 7: score= 0.881355
31.4463 97.8576
49.1864 84.9034
70.5313 78.078
93.8458 79.0898
115.821 85.1054
175.758 89.1618
189.66 87.0608
202.819 86.5824
215.731 89.4875
226.593 98.0321
152.543 101.271
160.97 118.491
169.762 134.708
178.233 151.054
142.561 191.621
153.757 190.84
165.429 190.977
173.376 191.615
178.819 193.989
61.6578 124.468
77.2913 120.982
94.1987 119.492
110.083 120.008
94.4355 124.696
77.6451 126.546
170.945 124.533
185.124 125.281
199.638 128.656
210.523 135.534
197.221 134.176
183.274 130.85
109.797 253.033
127.513 239.901
146.197 228.212
167.808 228.297
182.366 227.872
191.589 239.921
198.008 253.735
190.678 263.274
178.726 268.944
164.741 269.89
145.178 268.26
126.177 262.976
139.024 242.741
165.526 239.854
182.283 242.825
181.701 254.217
165.131 254.325
138.622 254.307
Bounding box out of bound: 32.662 20.6973 334.481 421.79
num of cols: 400 num of rows:400
Face detect failed
