Debug 6: nFaces= 1
Debug 7: score= 0.635491
81.6313 110.725
89.1465 103.869
98.3003 100.79
107.357 101.191
117.077 101.351
177.561 88.5082
192.908 81.4372
209.517 79.209
225.825 83.6158
237.259 94.3481
139.995 114.294
131.072 123.564
121.567 132.812
111.681 142.484
112.356 179.215
117.123 175.911
123.207 173.46
134.684 173.231
145.791 175.528
88.1639 140.953
96.0284 133.185
106.916 129.983
116.376 132.164
107.429 136.515
97.4216 139.127
184.475 127.482
193.294 122.914
206.843 122.909
219.209 125.345
206.737 128.796
193.634 130.147
104.426 234.093
101.27 216.175
107.19 202.107
119.858 197.098
142.287 197.549
161.403 207.775
177.235 225.084
161.523 231.774
144.186 233.656
126.929 235.912
116.532 237.211
109.125 236.261
111.461 212.811
122.726 206.141
148.869 208.711
147.673 225.172
125.271 226.499
115.993 228.869
