Debug 6: nFaces= 1
Debug 7: score= 0.685535
106.677 91.2549
112.974 91.0966
118.051 91.2296
123.381 94.542
129.292 96.3362
172.495 111.636
185.111 112.392
197.911 115.965
209.829 121.773
219.503 130.206
146.539 114.305
140.845 131.851
135.172 148.446
129.284 165.931
116.511 196.194
125.578 200.478
136.51 202.722
149.533 203.555
162.333 201.982
111.63 115.493
118.228 113.424
125.335 115.22
130.289 120.756
123.739 120.637
117.246 119.666
175.233 135.09
183.735 135.937
192.896 138.633
201.817 145.509
190.667 145.191
182.13 141.055
118.789 247.509
121.022 236.166
130.718 233.631
143.47 234.65
162.44 238.147
178.424 244.051
189.386 253.332
178.855 267.034
164.109 275.893
145.809 276.308
133.288 268.222
124.904 256.959
128.196 246.972
143.323 250.563
166.518 250.426
168.433 263.272
146.513 263.46
130.86 257.747
