Debug 6: nFaces= 1
Debug 7: score= 0.878649
76.6456 123.832
78.3008 112.588
86.4311 104.812
97.4447 102.26
109.261 103.034
157.691 89.46
174.072 72.5428
195.245 61.9596
218.327 62.5814
237.616 76.7097
141.22 130.095
141.105 149.364
140.065 168.527
138.955 187.734
144.957 214.974
151.311 215.314
159.945 213.393
172.001 208.451
182.987 202.551
101.51 160.169
104.546 145.334
118.722 141.949
134.258 148.481
122.871 155.184
111.557 160.387
184.881 130.207
191.268 112.567
206.469 106.106
224.186 112.877
212.999 121.631
198.581 127.816
151.94 267.277
150.429 254.885
155.297 243.441
166.704 240.161
184.633 233.212
204.175 234.833
223.815 238.08
212.03 252.774
197.349 263.835
180.995 272.301
169.639 275.45
159.091 273.977
159.922 257.649
171.08 250.429
194.29 243.715
197.017 247.818
174.4 257.32
162.512 262.213
Bounding box out of bound: 92.9778 55.788 353.542 401.873
num of cols: 400 num of rows:400
Face detect failed
