Debug 6: nFaces= 1
Debug 7: score= 0.78926
73.9098 62.8675
92.8857 57.9742
111.325 58.8593
129.186 66.8393
145.215 74.5378
219.282 79.702
228.431 73.1854
237.793 63.7518
248.299 57.0372
257.962 57.0668
184.326 114.008
188.407 139.567
191.626 165.326
193.643 191.306
148.398 193.036
163.209 201.198
179.599 205.409
191.975 203.515
201.105 197.074
97.0602 114.15
110.186 116.231
125.569 117.414
138.242 117.519
124.072 122.04
108.623 121.381
202.54 111.483
214.785 109.524
226.961 110.143
235.142 111.823
225.554 115.575
214.109 115.732
105.438 216.726
127.709 217.749
149.524 219.777
170.571 222.418
180.977 220.375
189.434 218.603
193.844 219.521
187.117 237.885
176 250.111
159.78 256.296
136.235 252.085
118.079 237.553
140.845 222.559
168.307 226.797
180.708 223.16
177.976 231.325
163.926 238.053
138.224 232.942
