Debug 6: nFaces= 1
Debug 7: score= 0.468127
106.541 91.9677
110.291 91.5659
113.284 91.83
115.838 93.5131
116.928 97.0357
159.848 90.0135
170.72 79.8023
183.355 74.5497
197.129 75.225
208.515 81.34
141.896 130.688
139.118 147.296
135.382 163.23
132.799 178.61
135.821 193.997
142.082 195.224
148.768 194.296
159.912 190.48
170.185 184.751
114.304 137.274
118.952 134.144
126.151 132.152
131.63 133.504
125.815 137.932
118.893 139.353
176.731 130.012
184.435 125.969
192.721 124.579
202.046 123.263
194.571 130.234
184.927 131.822
151.615 228.989
150.135 220.801
153.879 214.48
159.745 212.023
175.089 209.479
190.905 209.905
207.491 211.513
196.29 223.064
183.419 232.195
168.878 236.85
160.691 236.781
155.394 234.439
160.918 225.873
163.595 221.632
181.924 218.098
181.828 217.204
163.85 220.903
161.523 224.026
