Debug 6: nFaces= 1
Debug 7: score= 0.910978
41.283 144.412
53.073 128.41
69.3435 115.667
89.0758 108.566
109.24 105.508
157.108 92.8683
171.169 85.4252
185.486 78.8826
202.116 78.4286
216.626 84.3608
141.928 108.637
151.061 121.536
159.747 134.173
169.094 147.169
147.175 186.443
160.174 184.927
173.579 180.986
182.859 176.762
189.63 172.567
67.2455 150.562
78.773 143.638
90.5702 137.688
102.57 134.321
90.866 140.13
78.7857 145.199
172.035 113.441
183.543 110.504
194.55 108.236
206.442 108.91
195.002 110.177
183.75 111.562
131.95 244.793
145.757 226.444
162.811 210.596
183.303 203.066
198.697 197.05
214.777 201.745
226.834 210.899
225.802 226.497
216.156 240.845
199.306 248.657
175.544 255.907
151.649 253.263
157.766 223.967
184.823 212.22
205.122 207.661
211.562 223.339
192.802 232.544
163.017 240.503
Bounding box out of bound: 48.8779 33.412 336.69 415.828
num of cols: 400 num of rows:400
Face detect failed
