Debug 6: nFaces= 1
Debug 7: score= 0.81948
82.4678 143.023
85.5505 138.086
89.6821 134.081
94.3167 130.58
99.3651 129.504
129.86 111.052
143.921 102.731
158.564 97.7629
173.532 98.7585
187.108 103.685
117.56 139.884
115.328 152.181
112.806 164.306
110.466 177.515
116.39 199.278
123.52 197.824
130.951 195.31
138.954 190.52
146.324 184.513
97.4471 160.663
96.8772 154.447
102.904 149.901
112.417 150.765
108.086 157.366
102.018 160.45
154.049 133.554
156.998 124.15
165.671 120.25
177.264 120.819
170.492 126.734
161.926 131.574
128.881 231.199
127.567 224.339
129.027 216.747
136.049 211.266
147.424 204.556
161.02 201.869
175.702 201.799
166.035 211.769
156.492 222.182
144.836 230.638
137.548 233.699
131.96 233.45
134.558 224.772
140.419 219.244
153.402 210.341
153.48 212.111
139.567 222.325
133.495 227.635
