0.73564
0.32158
0.10573
0.26179
0.292
0.61111
0.93215
0.69771
0.69465
0.94216
0.2062
0.28635
0.12897
0.43034
0.75673
0.86349
0.036769
0.99073
0.89587
1
0.41961
0.30613
0
0.080778
0.14794
0.58365
0.88961
0.85892
0.72841
0.91901
0.40611
0.42352
0.098432
0.42295
0.78811
0.85195
0.13688
0.92448
0.99798
0.87981
0.71152
0.36255
0.10438
0.046526
0.20584
0.67273
0.91644
0.75303
0.772
0.8859
0.2062
0.41138
0.11255
0.52244
0.75236
0.85659
0.18447
0.86913
0.89427
0.85508
0.7339
0.60469
0.31462
0.013948
0.42514
0.59437
0.91799
0.64259
0.7181
0.90829
0.26714
0.45266
0.10802
0.47466
0.71507
0.80768
0.049918
0.84423
0.85306
0.87042
