85.609 110.211
91.5774 106.014
98.5919 102.681
106.123 101.585
113.575 101.788
129.849 103.345
133.177 102.067
136.734 101.739
140.167 101.703
143.642 102.956
124.948 108.999
128.781 115.044
132.578 121.176
136.592 127.397
121.833 138.654
126.815 139.244
131.725 138.894
135.016 138.02
137.378 136.354
94.2388 117.373
98.6928 115.489
103.539 113.952
107.953 114.724
104.05 116.63
99.0142 117.455
130.898 113.556
134.699 112.7
138.733 112.925
141.625 115.45
138.251 115.536
134.513 115.178
111.811 156.863
118.334 152.67
125.241 149.669
132.824 148.789
136.781 147.916
140.128 149.909
142.549 152.671
142.266 158.039
138.958 162.007
134.156 163.462
126.155 163.451
118.484 161.208
122.914 153.893
132.185 152.174
136.655 151.936
138.149 156.065
133.537 157.723
123.602 157.255
