86.9617 99.4517
92.8712 95.3885
100.316 93.9922
107.72 95.1929
115.034 97.3926
136.32 102.497
139.964 102.58
143.364 103.246
146.766 104.162
150.14 106.354
127.318 107.149
130.157 111.309
133.147 115.351
136.279 119.365
123.35 134.936
127.151 134.962
131.285 134.951
134.202 135.51
136.349 136.164
95.5265 111.423
100.703 108.581
106.545 108.37
111.514 111.889
106.611 113.277
100.945 113.028
133.586 116.777
138.805 115.423
143.822 116.342
147.157 120.657
142.637 120.877
137.986 119.647
111.987 153.638
118.183 148.323
124.879 144.371
132.767 144.497
138.662 146.334
141.462 152.207
143.015 157.423
141.158 161.978
136.764 164.319
131.423 164.022
123.76 162.665
117.058 158.68
121.971 149.38
131.904 148.171
137.957 151.753
137.282 157.68
131.614 157.643
121.921 156.048
