90.2544 98.2693
96.488 94.6204
104.023 93.3319
111.346 95.1912
118.015 97.9393
138.354 104.754
141.623 104.653
144.694 105.054
147.799 106.596
150.434 109.222
129.017 108.478
131.224 113.691
133.794 118.829
136.235 123.864
121.895 136.264
126.371 137.209
130.79 137.947
133.352 138.634
135.53 138.779
98.1003 109.86
103.707 108.175
109.646 108.391
114.361 111.235
109.237 112.212
103.51 111.902
134.894 116.413
139.793 116.534
144.182 117.912
147.188 120.852
142.886 120.694
138.785 119.564
103.323 152.814
111.651 149.277
120.444 147.191
129.47 148.28
134.568 149.811
137.596 154.118
138.168 159.291
136.086 164.417
130.895 167.213
124.931 166.673
116.44 164.611
108.81 159.859
115.837 150.991
127.911 151.777
134.341 153.909
133.16 161.994
126.251 161.817
114.33 158.759
