86.6333 96.4768
93.5706 93.4501
101.344 92.16
108.906 93.7478
115.894 97.0672
141.174 103.569
144.463 104.008
147.795 104.726
151.18 105.884
154.048 108.431
129.269 109.887
130.868 116.527
132.659 122.927
134.643 129.234
118.712 139.413
122.497 141.881
126.974 143.188
129.619 143.497
131.964 142.912
96.5711 106.796
101.802 105.877
107.11 106.237
111.777 108.489
106.653 109.073
101.439 108.645
135.536 114.716
139.855 115.011
144.189 116.405
146.706 119.52
143 119.315
139.071 118
100.963 153.995
109.498 153.088
117.06 152.971
124.63 154.782
128.87 155.022
131.779 158.2
132.979 161.821
129.607 163.116
125.718 163.552
121.502 162.474
114.26 160.895
107.018 157.955
112.667 155.962
123.173 157.879
128.876 159.006
128.791 159.255
123.25 157.852
112.124 156.004
