87.0322 96.8755
93.9637 93.6508
101.728 92.5898
109.197 94.3601
115.965 97.476
141.384 102.45
144.534 103.135
147.398 103.96
150.375 105.081
153.056 107.343
129.015 109.791
130.704 115.952
132.733 121.977
134.715 128.023
119.381 139.357
123.671 141.122
128.141 142.276
130.967 142.506
133.449 142.118
96.5048 107.943
101.727 106.985
107.42 107.13
112.08 109.412
107.068 110.563
101.582 110.048
134.736 115.466
139.717 115.795
144.521 117.082
147.248 119.86
143.04 119.929
138.858 118.71
102.315 153.734
110.713 152.96
118.237 152.34
125.816 153.679
130.233 154.172
133.315 157.411
134.994 160.832
131.63 161.209
127.729 161.141
123.271 160.153
115.755 158.937
108.491 156.788
113.689 154.915
124.693 156.301
130.789 157.643
130.778 158.407
124.634 156.764
113.115 155.585
