87.794 97.8793
94.9935 95.0215
102.883 93.9082
110.454 95.6628
117.607 99.1801
140.234 104.393
144.04 104.976
147.684 106.011
151.512 107.362
155.424 109.642
129.695 112.14
131.09 118.601
132.936 125.016
134.847 131.454
118.938 140.336
123.546 142.533
128.433 143.673
131.216 144.051
133.647 143.687
97.1064 108.369
102.406 107.407
108.03 107.745
112.743 109.971
107.552 110.899
102.083 110.567
136.198 116.503
140.997 116.283
145.926 117.606
149.109 120.629
144.766 120.819
140.308 119.582
101.718 155.304
109.699 154.033
117.603 153.341
125.449 154.869
130.455 156.131
134.151 159.858
136.138 164.089
131.973 165.506
127.357 165.837
122.439 164.576
114.786 162.717
107.77 159.275
113.157 156.355
124.083 158.405
130.609 160.209
130.532 160.737
124.372 159.032
112.893 156.786
