85.9488 97.3073
93.7816 94.2343
102.112 92.9944
110.163 95.2354
117.511 99.2578
137.877 104.918
142.303 104.835
146.717 105.725
151.263 107.59
155.383 110.377
128.964 110.356
130.448 116.953
132.305 123.314
134.084 129.772
118.167 139.61
122.821 141.904
127.777 143.153
130.5 143.558
133.005 142.921
96.146 107.436
101.299 106.742
106.975 107.12
111.921 108.871
106.549 110.17
101.046 109.733
134.985 115.72
139.746 115.923
144.46 117.418
147.96 120.397
143.502 120.335
139.123 118.995
102.492 155.883
110.545 154.225
118.461 152.869
126.227 154.302
131.123 155.499
134.322 159.646
135.669 164.007
131.989 167.14
127.179 168.426
122.232 167.611
114.758 165.769
108.076 161.305
114.55 156.804
124.736 158.326
130.259 160.443
129.517 161.622
123.87 160.409
113.601 158.349
