87.5367 99.3382
94.1549 95.6557
101.616 93.8446
109.303 95.3182
116.409 98.4209
141.046 104.311
145.582 103.872
149.938 104.397
154.252 105.837
157.648 108.614
130.239 109.662
132.172 116.085
134.391 122.085
136.352 128.394
121.116 138.353
126.164 140.113
131.152 141.067
134.138 141.23
136.948 140.838
96.2614 110.423
102.086 108.497
108.472 108.592
113.853 110.6
108.245 112.741
102.142 112.652
136.948 115.513
142.533 115.398
147.987 116.675
151.421 119.831
146.76 120.172
141.879 118.961
108.024 153.786
115.677 152.119
123.452 151.09
130.777 152.257
135.714 153.199
139.726 156.297
142.888 159.769
139.82 164.404
134.308 166.542
128.685 166.025
120.634 164.017
113.755 159.421
119.678 154.566
129.709 155.731
136.315 157.44
136.575 159.243
129.806 158.568
119.419 156.548
