87.6662 98.7739
93.7367 95.3638
100.839 94.0407
107.937 95.3897
114.356 98.2526
138.935 103.216
143.049 103.618
147.037 104.241
151.076 105.477
154.467 108.217
128.636 108.526
130.563 114.419
132.674 120.064
134.428 125.84
120.902 137.507
125.419 138.543
129.849 139.087
132.83 139.532
135.365 139.527
95.5431 110.238
100.682 108.492
106.55 108.643
111.609 110.867
106.488 112.267
101.077 112.156
135.765 116.055
141.136 115.369
146.439 116.577
150.043 120.327
145.174 120.174
140.569 118.821
108.313 154.926
114.725 151.559
121.695 149.816
128.927 150.862
134.16 152.046
137.99 155.658
140.122 160.523
137.099 164.719
131.722 166.067
126.586 165.401
119.233 163.781
113.143 159.661
118.318 153.362
127.938 154.326
134.757 156.069
134.153 159.551
127.635 159.117
118.131 157.091
