87.3343 100.645
93.5808 96.2181
101.388 94.3061
108.972 95.7598
116.004 98.6771
138.505 104.212
142.391 104.408
146.195 105.017
150.179 106.62
153.478 109.494
128.136 108.603
130.126 113.992
132.563 118.934
134.803 124.113
120.811 136.383
125.118 137.433
129.606 138.232
132.092 138.836
134.236 139.253
95.8347 111.428
101.035 109.312
107.058 109.349
112.333 112.148
107.056 113.658
101.328 113.4
134.362 116.795
139.619 116.187
144.656 117.407
148.215 121.288
143.322 121.271
138.724 119.992
105.435 155.471
112.53 150.831
120.248 147.462
128.935 148.282
134.148 149.562
137.199 154.788
137.566 159.813
135.799 165.142
130.605 167.777
124.986 167.141
117.091 165.301
110.443 161.236
116.669 151.849
127.721 151.811
133.589 154.497
132.33 161.464
126.162 161.291
115.74 158.774
