84.2146 97.8482
91.1381 93.9174
99.3058 92.511
107.284 94.0258
114.555 96.6942
134.914 102.627
138.65 102.8
142.133 103.503
145.612 104.267
148.784 106.345
127.05 106.773
129.579 112.176
132.536 117.282
135.381 122.424
121.507 135.737
125.719 136.325
130.008 136.689
132.685 136.925
134.745 136.687
93.3496 110.014
98.8154 108.211
104.651 108.078
109.701 110.482
104.686 112.291
98.752 111.997
132.264 115.588
137.761 115.399
142.649 116.68
145.795 120.505
141.361 120.331
136.646 118.77
108.251 152.177
115.889 148.781
123.208 145.675
131.004 146.453
136.466 147.333
139.157 152.432
141.264 156.787
138.599 161.354
133.694 162.876
128.835 162.382
121.224 160.829
114.424 156.887
120.376 150.582
130.136 149.985
135.755 152.846
134.885 155.128
129.953 154.825
120.657 152.778
