88.1325 108.188
93.0436 104.43
99.023 103.402
105.167 103.817
111.16 105.247
130.528 103.477
136.619 101.512
142.872 100.209
149.042 100.313
154.029 103.391
121.036 113.457
121.25 119.798
121.483 126.059
121.869 132.362
116.395 138.012
119.603 138.702
123.023 138.661
126.703 137.977
129.868 136.763
96.5887 115.854
100.959 113.316
106.198 113.077
110.71 115.174
106.208 117.219
101.093 117.625
133.05 113.638
137.625 110.531
143.018 109.983
147.643 112.032
143.275 114.158
138.144 114.55
110.724 152.512
115.001 150.327
119.186 148.514
123.932 148.362
129.005 147.559
134.006 148.545
138.57 149.717
134.428 152.394
129.785 154.665
124.47 155.694
119.382 155.635
114.705 154.347
118.271 151.306
124.252 150.628
130.5 150.033
130.537 151.014
124.108 151.711
118.31 152.317
