95.0546 95.3079
99.1546 91.9161
104.469 91.0731
109.462 93.0717
113.747 96.3326
138.115 100.944
144.078 99.8682
149.896 99.1025
155.676 100.853
160.195 105.056
124.029 113.629
122.617 119.735
121.32 125.935
120.186 131.913
114.001 137.222
116.745 138.966
120.102 140.021
124.303 140.066
128.081 139.266
102.167 111.153
106.087 109.873
110.228 110.545
113.72 112.792
109.686 114.165
105.424 113.763
136.144 116.942
140.534 115.722
144.996 116.165
148.408 118.662
144.501 119.952
140.06 119.56
107.357 153.078
110.325 149.542
114.757 147.517
119.489 148.537
125.051 148.73
129.91 151.915
133.411 156.163
128.877 157.754
123.591 158.723
118.131 158.57
113.49 158.081
109.463 156.328
113.311 150.739
118.983 150.94
125.497 152.472
124.889 155.289
118.508 154.931
113.15 154.23
