83.8834 98.8417
90.9691 94.5039
99.4806 92.5766
107.815 94.3334
115.269 97.9092
137.014 104.321
141.509 103.917
145.844 104.523
149.965 106.305
153.012 109.406
128.698 107.876
130.685 113.7
133.111 119.217
135.573 124.833
119.948 137.861
124.941 139.064
129.956 139.899
133.027 140.159
135.591 139.956
93.6479 109.447
99.0865 107.981
105.023 108.018
110.234 110.37
104.83 111.808
99.0269 111.653
134.421 116.491
139.97 116.476
144.741 117.972
147.362 121.95
142.826 121.334
138.487 119.756
107.117 156.27
114.722 152.551
122.363 149.5
130.369 150.667
136.458 152.068
139.799 157.318
141.117 162.779
137.837 164.929
132.885 165.288
128.429 164.513
120.723 162.974
113.427 160.105
118.854 154.31
129.332 154.42
136.15 157.08
135.683 159.377
129.588 158.429
119.022 156.734
