97.5004 93.3805
101.425 90.8319
105.758 91.0401
109.64 92.8999
113.187 95.6233
136.376 103.027
141.573 102.455
146.912 102.668
151.917 104.917
155.44 108.894
121.181 113.02
119.128 118.964
117.177 124.985
115.359 131.001
109.203 133.528
111.716 135.85
114.736 137.405
118.551 137.829
122.644 137.468
102.114 109.172
105.547 109.255
109.162 110.325
112.617 111.703
108.65 112.031
104.913 111.313
131.988 117.492
135.716 117.358
139.164 118.571
142.685 120.709
138.702 120.811
135.049 119.773
101.885 142.966
105.792 142.651
109.975 143.426
113.622 145.263
118.708 145.955
123.357 148.12
127.344 150.318
122.171 150.761
116.875 151.073
111.475 150.021
107.326 148.398
103.889 145.89
107.438 145.223
112.733 147.043
119.626 148.732
119.267 148.719
112.195 147.236
107.117 145.414
