86.7603 96.318
93.4738 92.4632
101.056 91.0893
108.563 92.7717
115.262 96.2128
139.804 103.387
143.775 103.067
147.582 103.916
151.478 105.58
154.569 108.766
129.376 108.2
131.585 113.595
134.192 118.969
136.509 124.528
121.301 136.548
126.052 138.205
130.552 139.175
133.84 139.536
136.706 139.151
95.3128 109.714
100.746 108.171
106.975 108.007
112.257 110.726
106.932 112.124
100.931 111.985
135.578 117.091
141.086 116.958
146.449 118.456
149.724 122.654
144.842 122.184
140.109 120.306
108.577 153.864
115.792 150.819
123.193 148.55
130.782 149.883
136.37 151.209
139.606 155.805
141.014 160.832
137.604 163.205
133.045 164.312
128.502 163.666
121.141 161.819
114.559 158.129
119.577 153.22
129.574 153.801
136.071 156.646
135.882 158.203
129.857 157.232
119.623 154.851
