93.2215 98.1414
97.8753 96.6929
102.643 98.0146
107.096 100.235
111.431 102.67
133.65 103.377
140.651 102.486
147.708 101.902
154.678 103.669
160.692 107.283
121.372 114.108
119.549 120.485
117.492 126.927
115.433 133.609
111.617 139.784
114.393 141.507
117.924 142.798
123.471 142.734
128.732 141.796
99.2326 108.761
103.784 107.411
108.918 108.502
113.201 111.778
107.967 112.994
102.593 112.505
137.303 115.191
142.031 112.853
148.285 113.148
153.877 116.011
148.152 118.006
141.972 117.794
109.396 153.856
112.447 152.256
115.817 151.133
119.516 152.145
126.302 152.396
132.773 154.171
138.857 156.98
133.727 161.081
127.459 163.567
120.234 164.111
115.144 162.439
111.146 158.751
114.716 153.857
119.453 154.729
127.997 155.254
128.199 159.01
119.786 159.433
114.779 157.443
