80.6689 94.7176
84.9294 90.6919
90.9878 90.5006
97.028 92.4527
102.957 94.5322
128.972 95.4396
136.855 93.6694
144.857 92.4272
152.681 93.874
159.022 98.735
115.709 112.064
114.902 120.356
114.248 128.502
113.956 136.407
107.622 141.891
111.415 143.757
115.952 144.467
121.488 143.666
126.645 141.886
92.0407 115.146
96.8214 116.453
101.857 115.819
106.628 113.451
101.828 116.144
96.5862 116.459
130.868 114.673
135.813 117.598
141.176 118.417
146.818 116.986
141.413 118.579
135.802 117.827
103.286 158.705
107.442 156.174
112.108 154.425
117.183 155.047
124.996 154.54
132.518 156.326
140.086 158.469
134.304 164.01
127.041 167.937
118.617 169.01
112.217 167.406
106.762 163.626
110.531 158.144
117.303 157.714
128.312 158.122
129.151 162.251
118.181 163.532
110.831 161.932
