88.8434 109.251
92.7603 106.7
97.214 106.555
101.83 106.93
106.331 108.398
124.92 104.569
131.644 101.428
138.619 99.2174
145.536 99.3341
152.003 101.993
115.868 115.258
115.31 121.855
114.735 128.69
114.26 135.77
112.101 142.602
115.314 143.295
118.748 143.467
123.441 142.245
127.697 140.663
95.979 119.066
99.8281 116.129
105.076 115.614
110.022 117.167
105.717 119.743
100.561 120.261
130.827 114.251
135.406 110.861
141.248 109.934
147.13 111.682
142.302 114.378
136.42 115.176
110.992 157.745
114.086 155.226
117.478 153.47
121.387 153.562
127.654 151.931
134.174 152.46
140.69 153.378
135.697 157.559
129.746 160.519
123.051 162.279
118.325 162.295
113.995 160.512
116.714 156.454
122.114 155.741
130.629 154.303
130.958 156.12
122.323 157.748
116.765 158.259
