83.7101 106.438
87.8922 101.169
94.3969 99.7215
101.042 100.417
107.673 102.308
132.159 100.143
137.898 97.1473
143.787 94.6526
150.378 93.816
155.657 96.8377
120.665 114.705
120.988 121.631
121.17 128.571
121.615 135.501
116.465 143.082
119.814 143.506
123.6 143.714
128.292 142.169
132.252 140.396
94.491 119.185
99.2749 115.406
105.594 114.471
109.996 118.075
105.227 120.379
99.2634 120.745
134.92 115.725
139.527 111.481
145.413 110.167
150.582 112.965
146.577 116.269
140.661 116.892
110.978 159.812
114.828 156.119
120.178 154.328
125.727 154.715
131.702 152.741
137.86 153.72
144.126 155.383
140.228 160.772
134.69 164.918
128.139 166.695
121.69 166.353
115.507 163.932
119.431 157.527
126.093 156.654
134.283 155.308
135.454 159.45
127.079 161.93
119.775 161.618
