93.0308 107.106
96.4558 104.818
100.348 104.738
104.417 105.17
108.553 106.346
129.363 102.902
136.12 100.187
143.095 98.1947
149.941 98.7328
156.232 101.638
118.668 113.784
118.125 120.447
117.369 127.135
116.915 134.197
114.8 141.363
117.836 141.804
121.236 142.123
125.697 141.192
129.702 140.381
99.0232 117.568
102.854 114.852
108.068 114.293
112.858 115.975
108.56 118.554
103.467 119.127
133.67 113.775
137.902 110.263
143.769 109.441
149.72 111.334
144.518 113.915
138.646 114.675
113.763 157.447
116.119 154.664
119.723 152.443
124.006 152.384
130.746 151.35
137.573 152.485
143.765 153.528
139.12 158.645
132.942 162.162
125.592 163.876
120.5 163.711
116.18 161.271
119.075 155.466
124.268 154.751
133.249 154.282
133.589 158.076
124.795 159.528
119.218 159.488
