90.8072 100.63
95.4755 99.4544
99.8465 100.189
103.937 101.634
108.175 103.49
129.809 103.957
136.739 102.231
143.782 101.275
150.578 102.959
156.789 105.803
117.649 112.939
116.117 119.82
114.461 126.933
112.974 134.223
109.064 141.03
112.273 142.639
116 143.722
121.372 143.412
126.795 142.047
98.0239 111.923
102.333 110.463
107.336 110.903
111.622 113.243
107.023 114.935
101.81 114.737
133.654 114.476
137.98 112.45
143.525 112.451
148.285 114.674
143.547 116.55
138.259 116.693
109.176 155.324
111.857 153.918
114.91 152.811
118.356 153.401
124.632 153.211
130.986 154.676
136.834 156.39
131.568 159.111
125.511 161.167
118.748 161.755
114.731 160.952
111.33 158.646
114.188 155.637
118.726 156.347
126.755 156.393
126.76 157.596
118.547 157.871
114.008 157.232
