85.9975 100.073
89.877 95.4808
95.7988 93.8209
102.065 94.3679
108.223 95.6391
134.63 94.3736
140.322 92.7229
145.847 91.2213
151.693 91.3843
156.278 94.6196
121.316 111.227
121.794 119.045
122.388 126.7
123.24 134.257
115.816 141.428
119.735 142.13
124.015 142.33
128.759 141.305
132.92 139.605
96.1108 117.069
100.451 116.851
105.674 116.424
109.458 115.126
105.37 117.567
100.335 118.221
133.983 113.712
138.938 114.137
144.034 114.011
148.8 114.184
144.05 115.961
138.938 115.478
109.533 157.841
114.076 154.73
119.73 152.763
125.504 153.044
131.674 151.851
137.571 153.247
143.462 155.075
138.735 159.861
133.049 163.169
126.539 164.572
120.165 163.743
114.317 161.595
118.479 156.617
125.258 155.856
133.759 155.337
134.043 157.865
125.793 159.322
118.716 159.152
