91.4051 102.755
95.6415 101.888
99.5458 102.715
103.327 104.034
107.145 105.521
126.931 105.136
134.002 103.281
141.072 101.895
147.655 103.179
153.548 106.604
116.324 113.38
114.995 119.807
113.538 126.153
112.156 132.775
109.183 139.996
111.882 140.873
114.884 141.725
119.72 141.422
124.223 140.764
96.5213 114.145
101.286 111.855
106.172 111.985
110.501 114.736
105.918 116.486
100.907 116.379
131.454 115.667
136.047 112.606
141.489 112.413
146.236 115.143
141.623 116.841
136.081 117.152
108.41 156.006
110.407 153.08
113.791 150.935
117.649 151.261
124.464 150.965
130.762 153.311
136.028 155.951
132.666 162.686
126.947 167.503
119.424 169.212
113.625 167.56
109.797 162.548
113.274 154.635
118.135 154.424
126.874 154.556
127.84 161.661
119.155 163.17
113.266 161.344
