97.6773 100.079
99.31 95.7769
103.228 93.5311
107.404 93.7558
111.193 96.2936
130.091 93.963
140.038 91.0859
150.126 90.4534
159.444 94.0394
167.415 100.679
119.03 107.236
115.184 113.756
111.065 119.929
107.042 126.529
110.43 140.053
112.198 139.546
114.673 139.122
119.355 138.838
124.719 139.287
104.248 116.757
105.852 114.488
109.465 113.627
113.991 114.75
110.346 117.464
106.473 118.343
139.308 112.334
143.883 109.098
150.087 109.649
157.314 111.82
150.595 113.927
144.492 114.41
108.209 165.932
108.235 160.556
110.277 155.76
115.328 154.938
122.848 154.846
129.651 158.953
136.692 162.935
130.883 166.067
124.579 168.356
117.966 169.617
114.032 169.638
110.254 168.661
112.821 161.222
116.789 159.643
125.013 159.716
124.798 162.586
117.018 163.332
113.638 163.931
