94.7719 92.8228
97.1847 89.8163
100.751 89.0365
104.581 89.5879
108.389 91.0563
137.573 90.5894
147.047 88.5769
156.843 87.7528
165.8 91.1195
172.026 98.7375
122.171 109
118.594 115.615
115.487 121.937
112.32 128.324
111.331 144.198
114.168 144.771
118.19 144.662
124.289 144.109
130.031 143.39
100.113 115.132
103.57 111.674
108.858 111.229
114.338 114.368
109.014 115.668
103.83 116.336
142.603 113.784
147.585 109.331
153.802 109.397
160.28 113.41
153.887 114.536
147.811 114.731
106.876 169.777
108.115 162.662
111.986 157.356
117.923 157.307
127.168 156.893
135.72 160.931
143.481 166.53
137.037 171.617
128.693 175.199
119.75 176.491
113.916 176.83
108.994 174.797
112.95 163.906
118.504 162.409
128.412 162.415
128.559 168.404
118.716 169.587
113.531 169.994
