79.3981 111.599
84.1067 105.098
90.7676 100.603
98.7823 99.5164
106.507 100.249
127.434 98.1559
130.71 95.8479
134.67 95.1298
138.946 95.244
142.932 97.0754
120.399 106.727
124.897 113.231
129.36 119.824
133.725 126.601
121.605 140.436
127.302 140.593
132.867 139.39
135.554 138.088
137.274 135.88
90.7883 119.843
94.9128 117.315
99.7055 115.547
104.511 116.162
100.488 118.882
95.4214 120.366
128.838 110.92
133.288 109.331
137.601 108.575
141.023 110.242
137.59 111.975
133.204 112.1
116.682 161.405
122.625 157.042
128.351 152.597
135.681 150.301
139.77 149.187
143.793 150.817
147.113 152.945
145.846 157.963
142.169 162.116
137.571 164.381
130.056 165.647
122.98 164.272
127.028 157.13
135.827 154.22
141.384 153.109
141.5 154.143
136.415 156.248
127.157 158.578
