93.271 98.6864
98.1371 94.4261
104.453 92.6707
111.104 93.104
116.888 94.418
137.258 98.5577
140.41 97.3954
143.419 97.8215
146.122 99.2404
148.71 101.498
128.83 107.606
132.419 114.216
136.246 120.435
139.862 127.316
124.633 139.017
129.708 139.727
134.606 139.612
137.452 139.311
139.9 138.033
97.3445 114.742
102.375 112.045
107.476 111.693
111.52 113.66
107.715 115.6
102.402 115.874
133.686 112.603
137.818 111.54
141.908 111.589
144.495 114.168
141.39 114.756
137.614 114.345
108.863 162.843
115.752 154.618
124.373 149.544
134.085 148.612
139.977 148.29
143.46 152.45
142.414 159.085
143.009 167.561
139.925 174.137
133.157 177.014
123.313 175.84
115.053 170.629
120.398 155.863
133.425 153.045
140.542 153.281
140.359 166.14
133.373 170.066
120.257 168.26
