91.8501 98.4542
97.0381 94.0286
103.856 92.2664
110.862 93.5158
117.23 96.193
138.609 101.313
141.927 100.54
145.219 100.628
148.138 101.732
150.519 104.507
129.093 111.409
131.909 118.818
134.781 126.076
137.642 133.624
121.556 141.466
126.066 143.071
130.678 143.704
134.043 143.319
136.581 142.038
97.3215 112.607
102.651 110.816
107.98 110.932
111.969 113.604
107.376 114.808
102.035 114.836
133.698 114.406
139.055 113.154
143.342 113.654
145.637 116.732
142.4 117.527
138.172 116.474
106.818 157.646
114.296 155.362
122.056 153.74
129.829 154.162
134.02 153.897
137.875 155.196
139.467 158.236
137.569 162.195
133.359 165.137
128.224 166.171
120.398 165.026
113.35 161.889
119.811 157.956
128.86 158.31
134.389 158.166
134.816 158.961
129.391 159.686
120.139 158.634
