86.3309 107.791
92.2292 102.578
99.7864 99.9253
107.532 99.8053
115.033 100.426
136.16 96.1137
138.971 93.0891
141.929 90.2203
145.639 88.1598
149.688 88.274
129.303 109.152
134.217 116.981
139.237 124.582
144.206 132.379
128.196 142.838
134.492 142.71
140.539 141.417
143.862 139.619
145.85 137.012
97.0882 120.341
102.077 116.998
107.339 115.275
112.296 115.827
108.41 119.286
102.975 120.982
134.348 107.59
138.334 103.801
142.38 102.146
146.796 102.406
144.034 105.768
139.668 107.129
116.933 163.393
124.212 158.831
131.521 154.351
139.637 152.375
142.663 150.485
146.53 150.301
148.798 151.355
148.866 157.087
146.631 162.56
142.198 166.074
133.632 168.334
124.655 167.337
129.273 159.376
140.181 155.749
144.282 153.705
144.844 155.72
140.675 158.905
129.768 161.873
