84.8371 104.859
90.7655 100.053
98.2007 97.4052
106.117 98.012
113.643 99.1526
136.332 98.5139
140.272 95.8213
144.275 93.7374
148.897 93.0147
153.398 94.5571
127.609 109.522
131.763 117.168
136.192 124.568
140.612 132.156
123.68 143.141
130.333 143.572
136.875 142.871
140.34 141.476
142.953 139.223
94.4853 117.925
99.7953 114.593
105.256 113.417
110.157 115.049
105.899 118.057
100.406 119.196
135.001 111.111
139.578 107.728
144.296 106.522
149.185 108.278
145.511 111.214
140.453 112.025
111.319 163.392
119.318 159.215
127.419 155.577
136.328 154.834
140.241 153.137
144.661 153.987
147.192 156.888
145.614 161.659
142.274 166.138
137.388 168.753
128.06 169.621
118.865 167.75
124.046 160.133
136.409 157.937
141.89 156.635
142.175 159.358
136.272 161.766
124.167 163.359
