79.4796 106.046
86.0373 100.123
94.2873 96.6441
103.252 97.1377
112.104 98.8671
134.925 97.4058
138.843 94.669
142.882 92.4756
147.652 90.9332
152.634 91.918
126.918 108.785
131.17 116.559
135.72 124.097
140.167 131.828
123.076 144.211
130.23 144.561
137.573 143.732
141.493 141.88
144.023 139.144
92.015 118.899
97.3336 115.098
103.07 113.607
108.382 114.928
103.937 118.098
98.1156 119.434
134.229 110.007
138.757 106.426
143.835 105.372
149.086 107.137
144.964 109.607
139.87 110.311
110.357 164.481
118.473 160.431
126.91 156.363
136.149 155.202
140.29 153.535
145.398 154.54
148.8 157.526
146.964 162.339
143.385 167.108
138.458 169.639
128.401 170.938
118.595 168.952
124.388 161.478
137.029 158.83
142.094 157.885
142.507 160.024
137.357 162.034
124.745 163.861
