85.815 104.287
93.2095 99.1347
101.452 96.1447
110.221 96.6392
118.311 98.1024
137.722 98.8656
141.51 97.0625
144.961 95.2462
148.844 94.5948
152.16 95.5524
129.456 109.833
133.479 117.734
137.621 125.339
141.534 133.086
123.03 143.26
129.011 144.5
134.971 144.781
138.662 144.041
141.483 142.318
95.2022 116.782
101.682 117.173
107.102 116.298
111.359 114.733
107.098 118.106
101.409 118.606
134.213 111.34
138.731 111.108
143.197 111.014
146.661 111.061
143.714 113.059
139.005 113
106.572 162.026
114.898 159.364
123.412 156.151
132.01 155.965
135.73 154.415
138.992 155.526
140.253 157.381
139.482 162.494
136.66 167.024
131.417 169.706
122.78 169.453
114.484 166.469
120.894 160.03
131.479 159.036
135.635 157.429
135.563 160.065
131.495 162.257
121.381 162.602
