83.9361 106.825
89.8289 101.432
97.2528 98.1006
105.092 97.429
112.905 97.5266
135.796 92.6913
138.685 89.8096
141.522 87.0587
144.844 85.0973
148.591 85.2126
129.104 108.341
134.582 115.939
140.119 123.183
145.85 130.746
128.477 142.636
135.144 141.965
141.529 140.354
144.718 138.298
146.773 136.089
95.8857 120.092
100.996 116.36
106.535 114.407
111.425 114.783
107.529 118.679
101.889 120.63
133.603 105.979
137.523 102.075
141.695 99.9813
145.713 100.392
143.47 103.878
138.9 105.553
116.292 163.808
123.807 158.766
131.673 154.177
140.124 151.975
143.188 149.794
147.064 149.275
148.781 150.439
149.361 156.362
147.484 161.954
143 165.758
133.946 168.317
124.617 167.673
129.202 159.267
140.547 155.288
144.371 152.677
145.134 155.255
141.238 158.865
129.983 162.213
