84.703 105.779
90.3823 99.9866
97.7419 97.0322
105.769 97.0189
113.515 97.6836
134.471 96.8239
138.33 94.8649
142.122 93.289
146.375 93.0362
150.573 94.5146
126.949 109.424
130.841 116.281
135.107 123.069
139.33 129.983
123.3 141.338
129.809 142.389
136.686 141.815
140.471 139.941
142.742 137.204
94.8799 118.227
99.6875 114.264
105.142 113.096
110 114.918
105.969 118.433
100.525 119.555
133.349 110.895
137.6 106.875
142.317 105.805
146.744 108.001
143.281 111.185
138.582 111.787
110.709 160.583
118.604 157.117
126.749 153.704
135.502 152.697
139.438 150.905
143.769 151.104
146.185 153.06
145.252 158.151
142.046 162.784
136.966 165.471
127.721 166.584
118.763 164.549
125.086 158.085
136.138 156.06
140.701 154.659
141.035 156.075
136.129 158.523
125.105 160.062
