94.366 100.451
100.007 95.6882
107.129 93.863
114.635 94.8494
121.351 97.4719
137.884 101.62
141.315 100.51
144.714 100.389
147.712 101.363
150.937 103.208
130.322 112.283
132.992 119.736
135.81 127.03
138.311 134.4
122.455 140.822
126.801 142.477
131.294 143.127
134.703 142.667
137.371 140.957
98.3957 112.885
103.761 111.423
108.999 111.444
113.616 113.794
108.531 115.467
103.289 115.275
133.447 114.006
138.592 112.696
143.017 112.852
145.872 115.693
142.151 116.453
137.901 115.852
107.484 160.892
114.325 156.183
122.435 153.389
130.877 153.518
135.342 153.396
138.425 155.849
137.467 159.973
136.92 166.666
133.745 172.22
127.455 174.854
119.134 172.993
112.35 167.818
119.703 157.045
129.562 156.481
134.798 156.963
134.146 165.368
128.64 168.616
119.203 166.227
