85.418 107.834
91.4585 102.247
98.8013 98.7593
107.009 97.7935
114.969 98.539
131.358 100.576
134.964 98.5504
139.02 97.5923
143.253 97.8981
147.221 99.9539
126.538 110.469
130.718 117.382
135.088 124.161
139.413 131.011
123.402 143.26
129.007 143.832
134.272 143.196
137.785 141.87
140.271 139.49
94.3292 118.489
99.1073 115.878
104.506 114.848
109.146 116.407
104.799 119.047
99.508 120.108
131.093 113.008
134.972 110.727
139.191 110.362
142.3 112.687
139.278 114.602
135.255 114.496
115.435 163.949
121.61 159.737
127.985 156.05
135.305 154.787
138.957 153.882
142.257 155.058
144.729 157.38
143.474 161.657
140.118 164.761
136.034 166.332
128.814 166.624
121.993 165.823
126.619 160.6
134.964 158.924
139.677 157.971
139.958 158.653
135.792 160.167
127.125 161.524
