83.3072 105.337
89.1209 99.1716
96.6785 95.848
105.161 96.189
113.301 97.384
136.424 96.4208
140.538 93.841
144.678 91.8302
149.246 91.0606
153.895 92.5777
128.106 108.53
132.719 116.236
137.685 123.706
142.826 131.365
124.583 144.114
131.667 144.814
139.106 143.989
142.931 142.154
145.423 139.479
93.7927 118.549
98.969 114.65
104.787 113.337
110.207 115.104
105.745 118.687
99.8239 119.939
135.218 110.547
139.957 106.911
144.778 105.965
149.394 108.154
145.522 111.121
140.572 111.714
111.664 164.91
119.927 161.282
128.422 157.271
137.966 156.26
141.765 154.627
146.215 155.051
148.986 157.217
148.198 163.09
144.892 168.276
139.496 170.983
129.645 172.132
119.873 170.011
125.574 162.668
138.508 159.939
143.564 158.508
143.916 160.778
138.636 163.325
125.949 165.104
