86.0986 107.949
91.2967 102.148
98.334 98.8203
106.145 98.699
113.831 99.5766
133.726 98.8978
137.815 96.4313
141.993 94.8231
146.584 94.535
151.007 96.1124
126.769 110.291
130.535 116.985
134.718 123.469
139.088 130.181
122.75 141.127
129.278 141.859
136.013 141.251
139.774 139.538
142.307 136.985
95.6726 119.22
100.442 115.431
105.996 114.185
110.931 116.001
106.56 119.163
101.135 120.316
133.195 111.926
137.569 108.515
142.361 107.501
146.876 109.707
143.076 112.377
138.255 112.835
111.241 159.608
118.777 156.265
126.387 152.626
134.799 151.586
138.445 149.991
142.681 150.64
145.406 153.167
144.176 157.949
140.976 162.151
136.173 164.657
127.387 165.689
118.789 163.561
124.494 157.119
135.314 154.957
139.601 153.859
140.069 155.832
135.536 157.989
124.693 159.418
