81.742 102.938
88.9986 97.6907
97.6842 95.2786
106.555 96.4777
115.15 98.3189
135.36 100.284
139.946 97.7896
144.598 95.9708
149.66 95.9817
154.298 98.2948
127.064 109.476
130.948 117.066
135.212 124.391
139.615 131.813
121.898 143.386
128.547 144.36
135.44 144.222
139.211 143.225
142.029 141.44
92.7381 116.966
98.3462 113.82
103.804 112.949
108.629 115.207
104.264 117.986
98.723 118.607
134.629 112.911
139.857 110.204
144.929 110
149.165 112.933
144.882 114.626
139.941 114.658
109.399 162.415
117.471 158.956
125.451 156.115
134.006 156.329
138.121 155.147
142.885 156.797
145.917 160.408
143.382 164.79
139.336 168.207
134.136 169.56
125.332 169.664
116.754 167.093
123.07 161.112
134.088 160.727
138.915 159.743
139.052 161.998
133.84 163.117
123.179 162.934
