77.3306 107.493
84.103 100.521
93.0408 96.3404
102.925 96.7284
112.538 98.9748
134.167 98.7612
138.971 95.2051
143.823 92.5782
149.219 91.5065
154.443 93.5395
126.99 108.932
131.402 116.186
136.148 123.236
140.773 130.442
123.185 144.617
130.473 144.675
137.998 143.976
141.988 142.444
144.986 140.261
91.3873 118.784
97.1968 115.02
103.445 113.618
108.948 115.213
104.154 118.505
98.0605 119.8
134.677 110.699
139.733 107.377
145.082 106.381
150.161 108.305
146.025 110.743
140.761 111.396
110.338 165.185
119.159 161.292
127.896 157.452
137.409 156.368
141.879 155.006
146.8 156.034
150.383 158.788
148.032 163.29
144.368 167.445
139.343 169.78
129.153 170.754
119.259 168.75
125.497 162.952
138.113 160.618
143.845 159.491
144.088 160.386
138.149 162.145
125.358 163.949
