77.9954 106.349
85.0783 99.9233
93.9547 96.0776
103.593 96.7342
112.772 99.1562
134.526 98.8312
139.051 95.5641
143.848 92.9992
149.266 92.1801
154.386 94.6261
127.075 109.374
131.373 116.769
135.974 123.971
140.587 131.428
122.809 144.764
130.128 145.223
137.774 144.486
141.763 142.788
144.419 140.125
91.4851 118.342
97.1175 114.831
103.264 113.525
108.501 114.981
103.802 118.154
97.8222 119.423
134.177 110.761
139.172 107.818
144.451 107.058
149.284 109.286
144.949 111.249
139.887 111.714
109.415 165.138
117.824 161.123
126.545 157.388
136.036 156.721
140.39 155.124
145.243 156.248
148.621 158.997
146.086 163.367
142.399 167.518
137.452 169.743
127.531 170.621
117.941 168.678
124.023 162.611
136.51 160.587
142.06 159.623
142.152 160.681
136.482 162.211
124.089 163.954
