82.1215 104.076
90.1614 98.4563
99.2614 95.4259
108.902 97.1647
117.881 99.736
136.967 100.225
141.736 97.66
146.538 95.5964
151.61 95.5721
156.246 97.7041
129.501 109.966
133.865 119.236
138.457 128.09
142.802 137.356
122.996 147.579
129.588 148.492
136.184 148.518
140.286 147.608
143.566 145.547
92.9504 117.511
99.0392 116.122
104.523 115.48
109.019 115.444
104.506 118.174
98.9239 118.717
134.704 112.698
140.155 111.159
145.182 111.212
149.073 113.027
144.921 113.791
140.147 113.874
106.955 168.673
115.474 165.052
124.281 161.191
133.457 160.918
137.444 159.574
141.223 162.152
141.892 166.38
140.806 171.342
138.005 176.593
132.417 179.747
122.78 179.196
114.075 174.992
121.81 165.814
133.265 164.432
137.008 163.891
136.868 169.632
132.963 171.923
121.563 171.643
