83.6504 107.071
89.566 101.387
96.977 98.0175
105.286 98.0766
113.166 99.0047
134.028 97.9335
138.378 95.9664
142.986 94.6372
147.635 94.6347
152.306 96.4901
126.885 110.624
130.655 117.599
134.828 124.359
139.121 131.391
123.003 143.038
129.482 143.959
136.252 143.396
140.42 141.52
143.07 138.354
94.7543 119.014
99.7126 115.277
105.064 114.047
110.072 115.677
105.695 118.96
100.306 120.022
133.314 112.248
137.967 108.929
143.031 107.949
147.697 110.497
143.635 112.976
138.544 113.426
111.264 162.104
118.932 158.713
126.646 155.151
135.266 154.247
139.121 152.557
143.394 153.292
145.67 155.686
145.021 160.601
142.162 164.886
137.292 167.359
128.121 168.274
119.341 166.119
125.208 159.47
135.919 157.462
140.119 156.586
140.699 158.755
136.38 160.811
125.582 162.081
