77.8423 108.968
85.2617 102.386
94.8041 98.8752
105.108 99.3954
115.146 101.656
131.334 101.039
136.345 97.5222
141.965 95.319
147.864 94.7311
152.976 96.9416
125.705 109.153
129.475 115.79
133.801 122.433
137.97 128.961
121.057 141.698
128.207 141.923
134.979 141.046
139.298 139.617
142.261 137.38
91.5482 117.602
98.0101 117.618
103.712 116.261
108.536 114.124
103.72 116.947
97.8114 118.24
133.172 110.664
138.357 111.376
143.426 111.159
147.835 111.183
143.338 111.894
138.236 111.8
111.174 162.697
119.009 158.255
126.758 153.956
135.178 152.91
139.941 151.584
144.716 153.373
147.869 156.959
145.711 161.611
141.927 165.579
136.812 167.526
127.812 168.518
119.091 166.747
124.434 158.378
135.432 155.94
141.027 155.516
141.622 157.906
136.285 159.717
125.249 161.027
