78.7177 107.115
86.8969 101.79
96.0017 98.9121
105.59 99.4882
114.926 101.288
131.105 100.711
137.296 98.0399
143.546 96.1914
149.847 96.9305
155.117 100.173
124.267 109.204
127.228 115.977
130.691 122.562
134.114 129.461
119.214 142.137
125.418 142.697
131.827 142.461
136.343 141.525
139.868 139.629
91.3067 117.564
97.4723 118.126
102.776 117.048
107.864 114.414
102.796 117.053
97.039 118.355
132.971 113.02
138.46 114.663
144.135 114.792
149.133 114.648
143.924 115.112
138.238 114.667
107.745 163.381
115.296 158.957
123.214 154.566
131.993 154.086
137.61 152.551
143.476 155.27
147.361 159.947
143.94 164.254
139.059 167.4
133.505 168.719
124.669 169.178
116.063 167.324
120.768 159.469
132.237 157.869
138.53 157.403
138.487 160.439
132.551 161.276
121.32 161.939
