84.5519 109.466
90.7939 104.928
97.6699 101.743
105.17 100.463
112.498 100.305
128.129 100.1
132.122 97.6321
136.513 96.2759
141.247 96.0418
145.406 98.1308
124.149 107.999
128.581 114.92
133.118 121.784
137.786 128.834
122.834 141.883
128.543 141.89
133.905 140.973
137.414 139.254
139.626 136.342
93.2465 118.191
98.1122 115.659
103.274 114.164
107.59 114.383
103.63 117.672
98.3758 119.288
129.648 109.528
134.049 108.1
138.268 107.463
141.512 108.939
138.219 110.849
133.952 111.074
116.287 163.038
122.009 158.463
128.327 154.266
135.925 152.897
139.35 151.418
143.05 152.366
145.787 154.854
144.814 159.566
141.658 163.531
137.096 165.645
129.93 166.544
122.812 165.621
126.785 159.143
135.662 156.656
140.622 155.409
140.946 156.763
136.455 158.434
127.285 160.7
