79.7543 108.893
86.0297 101.45
94.6475 97.157
104.126 97.4514
113.534 99.9254
132.339 98.5031
136.75 95.1431
141.603 93.0493
146.938 92.7322
151.757 95.2078
126.064 107.744
130.071 114.951
134.361 122.039
138.62 129.116
122.059 140.855
128.729 141.363
135.708 140.657
139.684 138.893
142.193 136.283
94.3202 117.409
99.436 116.519
104.316 115.355
108.712 114.079
104.484 116.527
99.4883 117.733
133.051 109.514
138.004 108.852
142.853 108.662
146.859 109.435
142.672 110.105
137.992 110.146
110.777 161.227
118.472 156.85
126.251 152.268
135.081 151.552
139.336 149.495
144.111 151.267
147.067 155.278
145.372 160.052
142.067 164.116
137.404 166.293
128.065 167.551
118.98 165.469
123.835 156.983
135.714 154.431
141.134 153.84
141.784 157.376
136.379 159.175
124.305 160.538
