87.6986 90.282
95.6405 89.5758
103.491 91.877
110.934 95.7308
117.885 100.05
136.182 104.101
144.917 102.833
153.497 102.498
161.666 104.407
168.043 109.548
125.725 110.824
124.496 120.433
123.253 130.408
122.014 140.252
109.486 138.753
114.624 143.087
120.72 145.614
127.195 145.271
132.831 143.214
93.1845 106.03
99.3958 106.744
105.865 107.898
111.507 108.843
105.272 109.742
98.8884 108.87
138.947 114.126
144.751 115.539
150.815 116.637
156.425 118.342
150.701 118.354
144.763 116.938
96.5154 154.47
104.169 153.7
111.846 153.98
119.316 156.277
127.281 156.522
134.958 158.208
141.234 161.232
134.956 169.214
126.412 174.477
116.316 175.138
106.708 171.464
100.14 163.716
108.976 156.984
118.463 159.224
129.368 159.906
129.236 166.871
117.569 167.991
107.514 163.315
