82.2312 112.985
89.1521 107.722
96.9671 104.576
105.174 103.429
113.553 102.867
126.952 100.5
131.973 98.2685
137.112 96.3254
142.713 95.1995
147.995 97.232
122.761 107.268
125.889 114.024
129.124 120.548
132.287 127.034
121.573 139.216
126.333 139.386
130.911 138.538
133.941 137.194
136.239 135.046
92.73 117.167
97.133 114.224
102.167 112.593
107.39 112.742
103.209 115.967
97.8246 117.645
129.598 107.846
133.404 105.822
138.281 105.248
142.822 106.891
138.681 108.675
133.89 109.144
118.659 160.494
122.469 155.318
127.411 150.765
134.228 148.69
138.766 147.439
142.843 149.555
145.726 152.436
145.414 158.195
142.914 163.568
137.728 166.235
130.553 167.301
123.646 165.387
127.665 155.171
134.789 152.396
139.446 151.766
139.94 156.023
135.348 158.584
128.446 159.65
