89.2704 84.422
96.2126 83.1651
102.694 86.2003
108.567 90.3465
114.015 94.8623
133.751 97.6384
145.077 96.8115
156.729 97.7758
167.517 102.545
176.572 110.197
121.12 106.164
116.548 116.327
111.624 126.882
106.538 137.434
98.2393 143.962
102.636 148.656
108.558 151.674
117.627 152.57
126.294 151.55
92.2177 103.398
99.4064 102.727
105.786 104.949
111.838 108.799
104.95 109.031
98.219 107.738
143.183 115.026
149.947 113.951
157.227 116.452
163.612 121.225
156.196 121.826
148.693 119.389
90.1093 168.675
95.5701 164.617
102.607 163.558
108.77 165.822
120.225 167.185
130.457 172.649
139.458 180.029
130.17 186.75
118.149 190.427
105.835 189.525
97.0634 185.775
91.1286 177.802
101.033 167.942
108.488 170.09
122.861 173.082
121.542 181.483
107.07 180.449
98.8992 176.21
