83.8875 99.2643
89.3497 96.0881
95.8888 95.5091
101.835 97.0348
107.708 98.1761
137.159 95.1005
141.306 92.4894
145.294 89.4736
150.248 87.7803
154.903 89.4491
125.56 113.316
128.231 120.92
131.229 128.869
134.118 136.734
120.943 144.097
126.558 145.731
132.32 145.488
136.498 143.62
139.652 140.249
95.3759 118.228
100.217 115.731
105.833 114.961
111.229 116.26
106.355 119.656
100.256 120.591
134.777 113.769
139.079 110.081
144.026 108.155
149.119 109.422
145.883 113.436
140.206 114.641
113.442 164.886
119.588 160.423
126.228 156.478
133.84 155.566
137.928 153.513
142.259 155.207
144.996 158.071
143.548 164.21
139.621 168.922
133.907 171.307
126.092 171.914
119.239 169.705
124.046 160.731
133.099 157.959
138.513 157.365
138.817 161.88
133.39 163.929
124.642 164.849
