95.0326 84.3969
98.126 83.5061
101.705 84.513
105.448 87.3122
108.506 89.8697
132.217 95.6864
139.91 93.527
148.6 92.2704
157.056 93.8737
164.44 98.1257
120.492 105.803
116.92 114.925
113.257 124.268
109.312 133.557
105.972 139.932
109.336 142.49
113.999 143.86
120.517 143.597
127.007 142.295
99.5096 105.698
103.072 103.46
108.665 105.056
113.899 109.018
108.142 110.535
102.625 109.829
137.546 112.724
142.434 109.017
149.154 110.244
155.26 114.367
148.688 116.824
142.22 116.352
104.529 159.196
106.607 155.978
111.184 154.096
115.902 155.21
125.675 155.552
135.199 158.966
143.489 163.827
136.375 170.407
127.016 174.776
117.29 175.731
110.192 173.069
105.824 166.692
111.045 158.443
116.647 159.75
129.687 160.984
130.372 167.716
117.536 168.051
111.152 164.942
