88.1181 80.4189
92.5602 79.7347
96.7854 80.638
100.831 82.7783
105.085 85.556
137.782 92.4659
145.743 90.3897
154.275 89.4601
162.576 92.0706
169.77 97.676
118.74 108.511
115.875 117.565
112.926 126.659
110.087 135.931
102.313 142.686
106.255 146.024
111.774 148.408
119.127 148.137
126.481 146.182
93.8553 107.143
98.9318 105.17
104.961 106.44
110.585 110.193
104.553 111.019
98.3461 110.162
138.55 115.57
144.848 112.888
151.203 113.171
157.065 116.597
150.638 117.857
144.224 117.513
99.0524 163.215
101.799 159.25
107.292 158.205
113.405 159.417
123.243 160.246
132.633 163.807
140.357 169.556
134.052 177.634
124.64 183.344
113.862 184.3
105.02 180.162
100.827 171.721
106.51 162.36
113.634 163.74
127.257 165.388
128.193 175.785
114.459 176.344
106.612 171.387
