96.9568 84.1925
100.245 84.3116
103.484 85.8856
106.104 88.2109
109.014 90.6115
132.792 95.8099
139.103 94.7627
145.849 94.8927
152.15 97.2919
158.193 100.285
118.314 106.898
114.556 115.41
110.803 123.881
106.923 131.842
103.497 139.695
106.966 142.083
111.255 143.575
117.921 143.274
124.202 142.013
99.9827 104.862
103.987 102.804
108.82 104.798
113.34 108.671
107.888 109.858
102.783 108.839
135.434 112.816
140.126 110.03
146.284 111.302
152.126 115.694
146.153 117.56
139.843 116.509
103.988 156.991
105.475 154.03
109.177 152.837
113.285 153.851
122.701 154.686
131.584 158.053
139.493 162.323
132.546 167.439
123.933 170.579
115.234 170.776
109.242 167.767
105.796 162.389
110.117 156.385
114.236 157.444
126.034 159.015
126.244 163.958
115.163 163.828
110.236 161.091
