90.9698 101.38
98.5994 97.3783
106.909 95.6653
115.496 96.2752
123.294 98.8268
137.626 102.764
141.705 101.744
145.711 102.356
149.414 103.673
152.724 106.388
131.628 109.374
133.488 117.022
135.428 124.624
137.3 132.432
120.106 139.177
125.267 141.288
130.388 142.015
134.405 141.978
137.545 140.334
98.7614 109.743
103.796 107.833
109.548 107.558
114.43 110.112
109.178 111.924
103.532 111.982
134.199 113.029
139.011 111.975
143.509 113.043
146.369 116.581
142.288 117.039
138.028 115.88
105.322 157.389
112.663 153.725
120.865 151.142
129.641 151.748
134.25 152.101
137.266 155.351
136.608 160.515
135.203 165.293
131.764 169.497
126.091 170.7
117.754 168.536
110.696 164.159
117.638 154.614
128.308 154.893
133.302 155.76
132.504 163.597
127.167 164.989
116.854 162.606
