90.866 82.1202
98.1934 80.8815
104.852 83.6228
110.721 87.9425
115.523 93.6388
135.479 100.399
144.252 99.5124
153.28 99.8705
161.678 103.55
168.68 109.278
123.43 107.43
119.592 116.918
115.681 126.732
111.783 136.743
103.129 138.42
106.907 142.882
112.608 146.189
119.956 146.888
127.181 146.27
96.3895 100.958
102.137 100.523
107.583 102.86
112.251 107.349
105.895 107.349
100.157 105.602
139.291 115.293
145.749 113.453
152.229 115.291
157.525 119.51
150.771 120.759
144.273 119.104
96.1988 156.831
101.476 154.578
107.048 154.409
112.358 156.561
122.053 158.716
130.668 163.698
138.907 169.775
130.501 177.484
119.759 182.659
107.975 181.763
99.7554 176.273
96.5051 166.611
104.048 157.713
111.774 160.79
125.672 164.409
124.995 175.265
109.576 173.887
101.112 166.888
