94.1333 85.3014
97.456 84.8704
101.041 85.9444
104.588 88.5257
107.564 91.1657
132.913 97.6598
140.474 95.8636
148.91 94.7769
157.126 96.0952
164.567 99.8177
120.555 107.821
116.929 117.045
113.341 126.324
109.372 135.73
105.617 142.48
108.849 144.903
113.368 146.311
119.686 146.171
126.023 145.034
98.262 107.44
102.313 104.988
108.219 106.705
113.487 111.197
107.231 112.719
101.536 111.861
138.378 115.342
143.334 111.499
150.26 112.918
155.929 117.491
149.269 119.97
142.957 119.274
103.283 162.112
105.847 158.85
110.572 157.022
115.331 158.278
124.944 158.916
134.207 162.549
142.401 167.267
135.046 173.304
125.76 177.322
116.032 178.007
109.099 175.278
104.814 169.035
110.471 161.394
115.992 162.577
128.899 163.979
129.217 170.439
116.242 170.719
110.081 167.595
