99.7858 89.9339
103.426 89.4486
106.855 91.2702
109.566 93.8849
112.092 97.15
129.518 101.84
136.971 101.882
144.322 102.955
151.252 105.948
157.19 110.648
119.081 110.646
115.555 118.174
111.785 126.256
108.213 134.254
105.728 138.942
108.894 141.438
112.459 143.001
118.616 143.58
124.367 142.485
103.155 106
107.023 104.841
111.53 106.473
115.2 110.16
110.286 110.835
105.845 109.836
134.338 114.544
139.131 113.479
144.46 115.098
149.173 118.037
143.754 119.202
138.255 118.026
106.124 154.504
108.333 152.471
111.461 152.019
114.431 153.141
122.008 154.11
129.633 156.71
136.734 160.348
129.916 163.938
122.28 165.935
114.75 165.573
110.484 162.903
107.618 159.149
111.98 155.691
114.527 156.877
123.554 158.382
123.915 160.707
115.232 159.802
112.092 157.504
