89.6952 97.2634
95.7203 95.2589
102.237 96.4003
108.512 99.1182
114.335 102.654
132.273 106.976
139.954 106.518
147.561 107.138
154.459 110.108
159.739 115.104
121.214 112.009
119.319 119.476
117.363 126.526
115.638 133.696
108.631 135.963
111.411 138.199
114.898 139.718
119.981 140.256
124.572 140.07
96.8153 109.348
100.889 111.871
105.544 112.495
109.93 110.272
105.63 111.834
100.908 111.481
134.735 116.485
138.945 120.609
143.693 122.117
148.645 121.006
143.773 121.337
138.751 119.762
98.3983 150.028
103.537 147.816
109.005 147.16
114.267 148.771
121.325 149.445
127.809 152.043
133.043 156.028
127.028 160.188
119.922 162.227
112.021 161.847
105.828 159.721
101.473 155.511
107.128 149.299
113.867 151.216
123.367 152.638
122.742 156.925
112.942 156.269
106.067 153.916
