81.0984 116.336
86.6027 110.495
93.3109 106.125
100.706 103.14
108.333 102.423
123.229 100.4
126.474 97.951
130.397 96.8948
134.265 96.3996
138.016 97.5056
120.16 108.468
124.956 114.958
129.836 121.139
134.761 127.528
120.507 140.15
126.219 139.995
131.303 138.692
134.741 136.862
136.933 134.044
90.3119 121.431
94.2243 118.085
99.076 116.156
104.031 116.82
100.331 120.675
95.4645 122.471
124.811 110.716
127.361 107.973
131.311 106.963
134.781 108.76
132.5 111.609
128.726 112.354
113.757 161.858
119.027 156.984
125.35 152.03
133.476 149.305
137.304 147.723
141.367 148.634
144.052 151.363
144.16 156.445
141.613 161.37
136.764 164.329
128.818 165.635
121.01 164.717
124.602 156.201
133.78 152.723
138.718 151.291
139.795 154.993
135.244 157.694
125.728 160.046
