85.1259 115.065
90.3205 109.274
97.4019 105.558
105.177 103.273
113.043 103.08
126.876 101.892
129.678 100.004
132.967 99.5455
136.127 99.7833
139.24 100.547
124.247 110.692
128.49 116.595
132.599 122.192
136.571 127.835
121.954 139.058
127.182 139.456
132.083 138.591
135.348 137.367
137.729 135.301
94.3963 119.784
98.69 117.532
103.281 115.939
107.894 116.219
104.147 119.464
99.2832 120.654
127.862 112.365
130.925 110.687
134.25 110.194
136.494 111.613
134.354 113.691
131.336 114.06
113.262 160.372
118.78 154.882
125.448 150.608
133.395 148.449
137.104 147.655
140.293 149.411
141.243 152.976
141.896 158.533
140.277 164.087
135.266 167.299
127.075 167.632
119.771 165.113
123.582 154.613
132.99 151.596
137.761 150.884
138.983 158.328
134.673 161.748
124.664 162.43
