91.9958 100.301
96.8432 97.3479
102.915 96.5384
109.252 98.0137
115.09 100.592
136.766 103.047
142.951 102.75
148.937 103.49
154.457 105.754
159.329 109.478
124.406 111.333
123.593 117.694
122.823 124.135
122.133 130.333
113.709 137.084
117.301 138.227
121.504 139.112
126.311 139.129
130.658 139.145
99.8685 111.873
104.631 110.096
109.543 110.607
113.563 112.74
109.327 113.961
104.293 113.542
137.023 115.692
141.573 113.845
146.545 114.521
150.866 117.292
146.262 117.95
141.377 117.311
104.458 152.017
109.551 148.924
115.246 147.167
121.147 147.521
127.419 147.983
133.133 150.54
137.844 154.095
132.866 157.671
126.959 160.145
120.197 160.583
113.456 159.763
107.892 156.558
113.383 149.809
120.93 150.02
128.922 151.269
128.557 155.393
120.457 155.53
112.904 154.394
