88.4869 106.819
94.0613 102.654
100.985 100.769
108.184 101.295
115.085 103.676
134.917 105.314
139.966 104.125
145.161 104.013
150.266 105.074
154.292 107.862
125.693 113.642
127.22 120.031
128.81 126.389
130.444 132.858
118.666 141.346
123.067 142.082
127.832 142.481
131.361 141.903
134.38 141.076
97.9727 116.394
102.509 114.789
107.697 114.505
111.951 115.798
107.61 117.162
102.666 117.294
134.405 117.218
139.004 115.641
143.978 115.846
148 118.357
143.923 118.797
139.002 118.496
106.758 156.458
112.762 153.063
119.559 151.311
126.38 151.64
131.083 151.037
135.672 152.962
138.597 157.364
135.393 161.46
130.72 163.588
125.463 163.87
118.332 163.134
112.072 160.482
116.919 154.682
126.06 154.961
131.907 154.895
131.658 158.108
125.647 158.273
116.569 157.7
