85.0652 114.503
90.2326 108.758
96.575 104.573
103.787 101.868
111.39 101.495
124.978 99.892
127.962 97.5875
131.617 96.4873
135.107 96.2019
138.368 97.0836
123.748 109.245
128.386 115.151
133.017 120.647
137.463 126.32
123.016 138.794
128.511 139.019
133.583 137.884
137.039 135.903
139.208 133.124
93.9126 119.476
97.8834 116.815
102.471 115.081
107.199 115.249
103.651 118.772
98.8438 120.475
127.509 109.647
130.053 107.461
133.483 106.535
136.346 107.903
134.244 110.442
131.026 111.157
115.911 159.975
121.355 155.006
127.819 150.572
135.593 148.037
139.06 146.724
142.491 147.485
144.5 149.959
145.173 155.323
143.279 160.777
138.464 163.874
130.535 164.711
122.902 163.256
127.13 154.537
135.561 151.126
139.668 150.069
141.287 154.942
137.373 157.676
128.316 159.283
