97.2379 97.1125
101.454 96.0324
106.051 97.0996
110.599 98.9311
114.513 101.78
134.597 105.379
141.857 105.091
149.102 105.864
155.77 108.419
161.308 112.909
122.394 111.879
119.985 118.767
117.44 125.855
115.034 132.847
109.536 139.076
112.463 140.879
115.913 141.887
121.139 142.162
126.215 141.796
101.264 111.377
105.861 110.657
110.523 111.364
114.376 113.044
109.891 113.105
105.527 112.559
137.637 118.144
142.654 117.357
147.995 118.202
152.565 121.026
147.709 120.705
142.573 119.606
102.097 154.422
105.622 151.225
110.67 149.759
115.608 150.896
123.084 151.838
129.692 155.319
135.051 159.67
129.249 163.398
122.097 165.179
114.601 164.736
108.831 163.325
104.396 159.451
109.652 153.574
115.451 154.864
124.714 156.515
124.394 159.22
115.29 158.374
109.063 156.878
