81.7728 94.5208
88.352 89.8901
96.8509 89.5698
104.994 92.2351
112.664 95.6086
137.508 98.6697
144.751 97.0085
152.348 96.2718
159.595 98.0612
165.43 103.484
125.144 110.331
125.385 118.322
125.722 126.009
126.133 133.849
115.105 141.993
119.84 143.699
125.346 144.41
130.373 143.888
134.661 142.578
93.1113 111.607
99.2066 108.623
105.811 108.905
111.069 112.416
105.558 114.381
98.8758 114.199
138.063 113.954
143.846 111.292
150.227 111.355
155.748 114.87
150.264 116.505
143.939 116.188
103.573 161.298
110.351 156.862
117.842 153.672
125.937 154.291
132.995 153.804
139.336 157.194
143.633 161.889
139.035 167.457
133.077 171.631
125.444 172.608
116.489 171.743
109.137 167.583
115.428 158.445
125.581 158.052
134.704 158.594
134.42 165.824
125.175 166.651
114.92 165.645
