83.5561 95.2878
90.0757 90.5924
97.8595 90.5269
105.583 93.1497
112.582 96.3605
137.379 99.0852
145.533 97.9095
154.079 98.2055
162.233 100.595
168.492 106.575
124.135 111.674
123.489 119.483
122.716 127.157
122.021 134.934
113.75 142.065
117.824 143.675
122.616 144.414
127.883 144.07
132.473 143.251
93.2679 111.361
99.1859 108.494
105.973 109.605
111.385 113.535
105.023 115.079
98.0839 114.754
138.844 115.111
144.75 112.199
151.656 113.184
157.409 117.195
150.967 118.455
144.277 118.061
102.758 162.532
108.485 158.067
115.356 155.171
122.475 155.733
130.559 155.51
137.666 159.256
142.701 164.402
136.927 169.305
130.02 172.335
121.786 173.403
113.431 172.619
106.749 168.497
113.474 159.59
122.033 159.152
132.014 160.473
131.725 167.304
121.774 167.991
113.095 166.405
