84.1582 93.3518
90.3505 88.6289
98.1496 88.9851
105.525 92.6477
112.076 96.7783
136.713 99.2757
144.844 98.1656
153.238 98.1809
161.206 100.521
167.075 106.652
123.821 111.811
123.231 119.504
122.614 127.114
121.95 134.755
112.959 142.435
117.153 143.94
121.834 144.769
127.065 144.61
131.622 143.918
93.4457 111.181
99.1547 108.202
105.851 109.56
110.962 113.8
104.9 115.306
97.9954 114.885
138.18 115.634
144.22 112.744
151.3 113.699
156.857 117.923
150.416 119.348
143.597 118.814
102.231 162.694
108.051 157.957
114.987 154.965
122.046 155.775
130.128 155.782
137.084 159.18
142.23 164.229
136.739 169.93
129.796 173.487
121.485 174.426
113.067 173.481
106.374 168.901
112.986 159.622
121.592 159.565
131.812 160.594
131.766 167.443
121.421 168.144
112.503 166.51
