83.6847 100.958
90.6507 97.2578
98.6935 96.2445
106.417 98.1205
113.912 101.165
135.144 103.812
138.327 101.122
141.813 99.2807
145.72 98.6604
149.818 100.01
127.489 112.055
131.536 119.544
135.8 126.68
140.006 134.173
123.384 144.323
128.53 144.973
133.87 144.798
137.099 144.35
139.397 142.413
94.062 116.095
100.301 114.648
105.33 114.204
109.609 115.965
105.433 117.34
99.5799 117.304
133.319 115.198
138.592 113.678
143.217 113.905
146.455 116.185
143.002 117.03
138.27 116.605
107.408 164.275
115.236 160.216
123.401 156.622
132.212 156.583
136.809 155.329
140.53 158.29
141.136 162.982
140.098 167.142
137.145 170.58
132.076 172.574
122.85 172.181
114.599 169.232
120.218 161.379
132.014 160.542
137.199 160.143
136.711 164.624
131.92 165.887
120.364 165.475
