84.1436 99.3046
91.9345 95.5193
100.536 94.597
108.886 96.9593
116.916 100.644
136.573 103.646
140.612 100.718
144.946 99.0963
149.653 98.8153
154.158 100.86
128.765 110.172
132.159 118.233
135.804 125.929
139.613 134.152
121.077 142.206
126.998 143.703
133.059 144.099
137.218 143.321
140.637 140.863
95.0783 113.7
100.888 113.315
105.895 113.297
110.462 114.252
105.849 115.442
100.214 115.37
134.476 114.45
139.453 113.743
144.12 114.282
147.942 115.829
143.833 116.448
139.106 115.799
105.553 161.158
113.758 157.655
122.443 154.57
131.377 155.048
135.699 154.018
139.537 156.879
140.438 160.985
139.389 165.843
135.703 169.605
130.303 171.004
120.825 170.546
112.23 166.922
118.948 159.478
131.156 158.948
136.531 158.8
136.061 163.094
130.625 164.134
118.536 163.583
