89.3117 95.3637
97.3731 92.9858
105.373 92.8463
113.21 95.6659
120.685 100.058
142.139 102.297
145.81 100.759
149.566 99.9104
153.467 100.339
157.118 102.022
131.679 110.289
134.103 118.97
136.745 127.463
139.547 136.4
120.684 143.151
126.134 144.658
131.481 145.528
135.574 145.493
139.068 144.135
98.4808 112.879
104.184 114.063
109.323 114.257
113.393 113.384
109.052 115.532
103.525 115.257
137.28 114.394
141.873 115.983
145.871 117.328
148.587 117.979
145.002 118.109
141.133 116.996
101.993 159.929
111.005 157.756
119.921 155.313
128.592 156.766
132.919 155.749
136.071 158.396
136.193 162.307
134.972 166.935
131.015 170.862
125.255 171.944
116.193 170.508
108.007 166.226
115.955 160.316
127.431 160.805
132.599 160.855
132.035 163.362
126.58 164.427
114.838 163.166
