86.8974 90.9811
92.85 88.0366
99.1859 87.9197
105.394 90.3444
112.004 93.7064
130.358 97.7894
140.979 97.136
151.603 97.3885
161.941 101.476
170.32 108.308
120.704 106.911
117.405 116.94
114.275 127.034
111.363 137.306
104.806 143.37
109.161 147.141
114.821 149.351
123.09 149.023
130.727 146.761
93.0366 104.338
99.0087 102.542
105.163 104.005
110.616 106.957
103.884 107.765
97.6399 107.164
141.049 113.185
147.188 111.689
153.658 113.169
159.245 116.303
152.804 116.742
146.429 115.821
98.1201 163.841
103.27 160.477
109.284 159.077
115.659 160.857
125.753 161.118
135.579 164.82
144.988 169.705
137.199 177.467
127.34 183.616
115.558 184.27
105.907 180.837
100.468 172.719
108.325 163.399
115.956 164.782
129.166 165.921
130.288 175.801
116.012 177.129
107.029 172.339
