90.2136 87.8881
97.5937 86.7296
104.902 89.2545
111.71 93.6061
117.878 98.4425
137.11 104.685
145.584 104.911
154.076 105.975
161.447 109.709
167.56 115.041
124.287 110.009
121.687 119.639
119.118 129.205
116.688 139.301
104.351 137.38
108.986 142.734
114.97 146.497
123.019 146.943
130.447 145.092
95.6228 100.398
101.41 101.041
106.92 102.818
111.965 105.979
106.119 104.994
100.372 103.21
140.025 115.725
145.925 116.192
151.399 118.039
156.078 120.711
150.799 120.167
145.413 118.542
94.7293 145.975
101.944 147.562
108.48 149.56
114.615 152.835
123.729 154.2
132.079 156.795
140.347 160.182
131.893 167.032
122.106 171.203
110.791 170.147
102.303 164.845
97.6126 155.866
104.927 150.852
113.626 154.903
126.509 157.316
125.966 164.973
111.937 164.367
102.877 157.455
