89.4296 90.363
95.0519 88.0322
101.221 88.534
107.258 90.9335
113.589 93.9895
133.541 98.3266
143.575 97.7103
153.72 97.7424
163.431 101.665
171.789 107.775
123.135 106.274
119.723 116.487
116.49 126.714
113.391 137.124
106.902 142.842
111.447 146.931
116.905 149.257
125.027 148.96
132.57 146.67
95.2629 104.263
100.944 102.317
107.196 103.866
112.702 107.309
106.166 107.896
100.099 107.159
143.536 112.92
149.87 111.471
156.512 113.316
162.343 116.588
155.703 117.496
148.951 116.288
99.9612 164.102
104.943 161.493
110.672 160.118
116.632 161.754
126.424 162.196
136.107 166.06
145.527 170.393
136.723 175.564
126.991 178.99
116.696 179.033
108.692 176.936
102.744 171.64
109.616 165.264
117.042 166.55
129.897 167.491
130.006 170.392
117.171 170.361
109.294 168.189
