90.2512 90.0216
98.2184 89.0891
105.988 91.8331
113.236 96.0988
120.193 100.642
137.937 105.815
145.853 105.546
153.354 106.022
160.087 107.866
165.594 112.603
127.861 111.591
126.379 120.975
124.772 130.916
122.994 141.006
109.482 138.249
114.787 143.006
121.356 146.19
127.285 145.853
132.488 143.385
95.4506 102.652
101.739 103.216
107.666 105.089
113.188 107.963
106.88 107.289
100.857 105.672
138.315 114.395
143.886 115.025
149.322 116.451
153.826 119.373
148.693 118.203
143.47 116.57
93.4949 144.545
102.224 146.769
110.565 149.179
118.709 151.988
125.608 152.786
132.022 153.578
138.227 155.645
132.371 163.461
124.367 168.448
114.671 168.59
104.572 163.572
97.8946 154.978
105.796 150.161
117.814 153.576
127.738 154.695
127.481 161.39
116.345 162.439
104.236 156.049
