96.8444 99.4242
106.64 97.3619
115.942 96.277
125.12 96.5428
134.118 98.8102
149.34 99.8239
154.405 98.0163
159.38 96.0309
165.029 94.6972
170.062 95.3515
143.573 106.684
145.792 116.887
147.942 127.2
149.607 137.579
129.108 140.161
135.712 142.76
142.577 143.489
147.257 142.675
150.792 140.651
106.965 109.076
112.919 110.157
118.411 110.087
123.914 108.964
118.993 111.491
113 111.653
147.387 107.007
152.6 106.983
156.965 107.255
161.176 106.612
157.228 108.181
152.539 108.415
106.924 149.575
116.775 149.739
126.312 150.047
136.037 151.625
139.556 150.648
142.583 150.79
144.384 150.662
143.111 157.396
139.926 163.6
132.777 166.063
121.964 164.556
112.878 158.284
121.455 152.062
135.12 153.675
140.299 151.907
139.945 156.658
133.606 159.809
120.458 157.361
