87.7779 91.8813
94.9476 89.0202
102.16 89.5542
108.914 92.6757
115.73 96.8127
130.249 99.5453
140.881 98.2554
151.621 98.1412
162.073 101.343
171.035 107.425
121.941 106.031
118.883 116.509
115.988 127.351
113.095 138.314
107.29 142.802
111.128 146.207
116.155 148.299
123.781 148.013
130.921 146.366
95.1633 105.13
101.139 104.022
107.148 104.797
112.378 107.023
106.425 106.949
100.232 106.783
142.704 112.593
149.129 112.17
155.465 113.274
160.964 115.917
154.503 115.365
148.205 114.371
102.987 167.083
105.773 161.365
111.307 158.605
117.738 159.493
128.074 160.548
137.267 164.786
143.436 171.578
137.521 181.51
128.83 190.881
116.722 192.107
107.612 187.541
103.951 177.011
109.845 162.818
117.793 163.769
131.407 165.539
132.658 180.792
117.377 182.905
108.755 177.272
