85.5143 95.5216
92.2344 92.7405
99.9023 92.1098
107.266 94.687
114.26 98.167
136.461 102.447
144.161 101.352
151.829 101.262
159.302 102.919
165.404 107.615
124.688 110.752
124.217 119.586
124.017 128.68
123.883 137.518
111.099 141.172
116.496 144.46
122.788 146.136
129.407 145.777
135.012 144.186
92.4879 111.035
98.4909 112.247
104.562 112.153
110.453 110.966
104.673 112.707
98.0933 112.791
138.48 114.622
144.354 117.481
150.189 118.641
155.883 118.927
150.122 119.065
144.064 117.578
101.342 161.298
108.282 158.054
115.65 156.444
123.087 157.4
130.479 157.567
137.238 160.221
143.056 164.25
137.365 170.263
129.778 174.315
120.923 174.622
112.396 172.822
105.565 167.904
112.232 159.909
122.239 161.058
132.549 161.625
132.386 166.196
121.977 167.152
111.772 164.837
