95.4231 81.9442
101.64 82.3574
107.56 85.8107
112.491 90.5767
116.919 96.0906
137.786 104.525
145.342 103.313
153.159 103.048
160.512 105.528
166.714 110.063
124.871 108.272
120.976 118.566
116.96 129.006
113.024 139.74
105.427 137.726
108.484 142.794
113.296 145.993
121.175 146.697
128.402 144.984
100.051 99.244
104.338 101.963
108.815 103.718
113.893 104.482
108.847 103.944
104.55 102.289
142.195 114.645
146.998 116.785
152.354 118.187
157.384 119.149
152.128 119.126
147.16 117.677
97.5679 151.603
103.431 152.991
108.767 153.712
113.45 156.066
122.409 157.024
130.792 159.941
138.83 163.897
131.11 171.365
120.75 175.049
110.551 173.402
102.869 169.246
98.0942 161.222
105.601 156.216
113.175 159.699
126.149 161.581
125.584 166.349
111.988 164.886
104.278 160.077
