85.6079 87.576
92.4299 85.6272
98.765 87.5126
105.32 91.3955
111.265 96.6587
129.154 99.4444
140.565 95.6663
153.368 93.5135
166.083 96.0663
176.915 103.745
119.289 107.697
115.982 119.119
112.499 130.695
108.518 142.709
99.7796 150.502
104.556 153.803
110.869 155.764
119.208 155.695
127.555 153.762
91.0841 109.824
95.8592 108.761
102.091 109.452
108.625 112.287
101.773 112.572
95.705 111.622
142.252 115.173
147.89 113.642
155.575 114.43
163.003 117.211
155.815 118.277
148.218 117.693
96.3776 175.123
99.2542 172.048
105.092 170.816
110.994 172.092
122.019 171.946
132.924 175.172
142.076 180.63
133.757 188.257
123.108 193.723
111.351 194.346
102.385 191.144
97.4226 184.112
104.238 175.094
111.787 176.876
125.857 177.042
125.694 184.54
111.314 185.108
103.213 182.188
