90.0681 81.7848
97.0363 82.0199
102.942 85.2905
108.33 88.965
113.58 93.2368
132.434 97.6667
142.38 96.1595
152.969 96.4222
162.881 100.089
171.255 106.343
120.856 104.806
116.312 115.471
111.832 126.123
107.216 137.321
100.599 141.531
104.663 145.697
110.159 148.037
118.539 148.276
126.857 146.81
94.8766 101.509
100.638 101.69
105.716 103.055
111.002 105.307
105.2 105.805
99.8641 104.852
140.827 112.354
146.969 111.764
153.722 113.326
159.204 116.372
152.831 117.314
146.217 115.796
95.9882 162.051
100.38 159.798
106.163 159.434
111.463 161.526
122.285 162.388
132.372 166.393
141.982 171.613
132.809 177.6
122.201 181.665
110.838 181.5
102.727 177.528
97.5529 170.143
104.367 162.836
111.938 165.786
126.546 167.49
126.343 173.259
111.754 172.349
103.34 168.252
