89.868 80.3355
96.3646 80.6248
101.821 83.7262
106.914 87.7812
111.519 92.8305
132.466 98.5452
142.778 97.1724
153.441 97.7265
163.292 101.308
171.299 107.373
120.947 104.265
116.047 115.804
111.449 127.455
106.761 139.234
100.376 142.85
104.707 146.49
110.5 148.79
118.244 148.939
126.382 147.48
93.7857 100.813
99.5111 101.779
105.141 103.231
110.437 105.819
104.592 105.56
98.7668 104.386
140.738 113.225
146.988 113.711
153.622 115.388
159.938 118.115
153.162 118.406
146.593 116.599
99.1762 163.205
100.939 159.04
106.155 157.602
112.574 159.82
124.588 162.38
135.645 167.939
145.619 175.54
137.153 184.836
125.882 191.327
112.456 191.255
103.634 184.13
100.424 173.642
104.08 161.003
112.951 164.245
130.51 168.047
130.761 184.477
113.002 184.968
103.284 175.662
