90.1777 84.0419
96.4939 83.6143
102.354 86.4812
107.673 89.7507
113.1 93.7713
130.505 97.3909
140.794 96.7059
151.326 97.3666
161.118 101.486
169.509 107.926
120.003 105.426
115.397 115.565
111.043 125.665
106.691 136.338
100.266 140.217
104.301 144.628
110.417 147.489
118.949 147.677
127.516 146.167
94.8855 101.888
100.682 101.821
105.721 103.23
111.347 105.747
105.075 105.914
99.6475 105.067
139.971 112.459
146.149 111.833
152.753 113.642
158.627 116.868
152.058 117.109
145.529 115.635
96.3154 160.498
100.564 157.57
106.36 157.141
111.682 159.423
122.429 160.531
132.848 164.568
142.653 169.808
133.162 175.405
122.14 178.892
110.548 178.454
102.473 175.084
97.5347 168.201
103.478 160.66
111.792 163.309
127.297 165.469
126.941 171.843
111.444 171.171
102.556 166.813
