77.3016 98.5623
84.8887 94.0316
94.3298 94.6195
103.46 97.5345
112.002 100.892
133.676 100.506
142.669 96.5929
152.275 93.5785
162.082 93.7135
170.031 98.969
122.682 108.04
122.835 118.807
123.061 129.691
123.437 140.486
112.819 143.116
118.071 145.933
123.72 146.951
130.201 145.579
135.649 142.273
88.5856 109.549
95.4904 108.255
102.957 108.666
109.597 110.34
102.692 113.47
95.2837 113.782
138.328 110.371
145.022 107.94
152.478 107.458
159.313 109.191
152.934 112.911
145.568 112.893
104.408 162.832
110.77 160.904
117.66 158.868
124.955 159.37
133.028 157.829
141.189 159.394
148.158 161.898
141.328 165.931
134.041 169.129
125.885 170.185
118.389 169.882
111.113 167.102
114.765 163.221
125.031 163.443
136.438 162.134
136.427 162.545
125.358 163.651
115.292 163.459
