83.5757 88.7646
87.0658 84.9601
92.0171 83.9634
97.5415 85.8424
102.527 88.4101
137.615 90.3641
145.89 87.0281
154.705 85.2074
163.005 87.5476
169.117 93.8991
119.658 109.848
118.201 118.766
116.44 127.675
114.734 136.631
109.813 145.387
113.304 147.38
117.519 148.373
123.209 148.036
128.676 146.764
92.9919 111.986
98.1296 109.867
104.08 110.932
109.47 113.697
103.94 115.952
97.391 115.785
137.632 114.293
143.591 111.257
150.214 111.289
155.848 114.469
150.071 116.723
143.31 116.834
104.251 166.216
108.04 161.937
113.807 159.924
119.931 160.914
129.239 160.545
138.59 163.66
147.665 167.301
142.676 177.324
133.323 184.389
121.613 186.153
111.929 183.254
106.333 175.27
112.674 163.939
120.443 163.81
133.375 164.547
135.276 177.082
121.51 179.003
112.31 175.48
