79.9512 98.8258
86.9048 94.449
95.535 94.5152
103.935 96.4363
112.098 99.3066
135.246 99.9035
143.186 97.2172
151.333 95.0815
159.646 94.4295
166.479 98.7896
123.927 108.803
124.155 118.906
124.457 129.202
124.894 139.33
114.537 142.391
119.489 144.596
124.44 145.083
130.406 144.101
135.569 141.252
92.5886 110.18
98.4214 108.44
105.032 108.57
110.861 110.402
104.787 113.304
98.2744 113.812
136.84 110.798
142.809 108.36
149.444 107.993
155.137 110.073
149.675 113.018
143.201 113.127
106.138 161.711
112.084 158.42
118.924 155.698
126.137 156.137
132.781 154.578
139.587 156.222
145.437 159.325
140.462 164.455
134.193 168.388
126.796 169.645
119.239 169.279
112.12 166.297
116.859 160.146
125.995 159.368
135.507 158.894
135.65 160.4
126.263 161.334
117.063 161.295
