83.1573 88.6962
87.1505 83.5913
93.4221 82.7429
99.484 85.2407
105.003 88.7892
140.871 90.1281
148.363 87.1406
156.152 85.3358
164.093 87.0186
169.919 92.8195
121.642 109.573
120.347 118.386
118.86 127.605
117.516 136.843
110.723 143.935
114.509 146.91
119.22 148.008
125.263 147.491
130.725 145.453
93.8985 111.889
98.892 109.406
104.931 110.021
110.27 112.898
104.656 114.738
98.5296 114.694
139.685 114.072
145.428 111.285
151.414 111.351
157.285 114.388
151.266 116.172
145.014 116.012
103.519 165.669
108.507 161.785
114.353 159.513
120.363 160.622
128.525 159.809
136.448 162.645
143.26 166.613
136.8 170.472
128.727 172.673
120.388 172.995
113.659 172.678
107.632 170.02
112.778 164.583
120.286 164.422
131.431 165.245
131.474 167.297
120.522 167.174
112.869 166.597
