81.5425 102.049
88.0497 97.3692
96.2378 97.0436
104.251 98.7654
112.067 101.014
134.375 100.758
142.246 97.4655
150.223 95.2658
158.61 95.6623
165.639 100.145
123.049 109.098
123.455 118.403
123.881 127.531
124.542 136.74
115.695 141.591
119.743 143.494
124.357 144.247
129.582 143.241
134.026 140.997
91.4003 112.378
97.4806 110.606
104.104 110.503
110.027 111.432
104.13 114.07
97.5299 114.603
137.548 110.999
143.349 108.939
149.823 108.605
155.624 110.274
149.978 112.489
143.644 112.435
106.013 162.008
111.481 157.711
117.987 154.979
124.862 155.642
132.243 154.14
139.839 156.407
145.807 160.419
141.931 168.918
135.491 175.56
126.248 178.014
117.035 176.419
110.23 170.129
116.406 159.198
124.939 159.324
134.604 158.394
136.171 167.8
125.852 170.408
116.107 168.344
