84.3674 87.8634
88.4524 83.5043
94.3063 83.5582
99.7933 86.2134
104.799 89.7942
142.201 90.5547
149.611 87.5748
157.313 85.6383
165.142 87.2672
171.027 92.9578
122.176 110.196
120.865 119.046
119.225 128.199
117.581 137.267
111.002 145.179
114.727 147.965
119.429 149.031
125.521 148.596
131.106 146.796
94.5517 111.507
99.6664 109.241
105.946 110.109
111.189 113.106
105.48 114.993
99.2053 114.815
140.687 113.992
146.448 111.062
152.915 111.19
158.767 114.457
152.456 116.455
145.987 116.353
104.338 167.068
108.653 162.843
114.252 160.084
120.259 160.968
128.966 160.617
137.407 163.976
144.878 167.883
138.183 172.552
129.675 175.306
120.88 175.738
113.949 175.056
107.97 171.991
112.952 165.387
120.28 164.71
132.197 166.051
132.438 169.575
120.779 169.58
113.26 168.799
