82.4025 99.5999
88.663 95.2461
96.1977 94.2974
103.934 95.5949
111.003 98.3903
133.639 96.7547
143.836 94.1984
154.424 92.8839
164.922 95.5431
173.824 101.865
120.624 108.908
118.893 116.526
116.931 123.888
115.183 131.674
110.168 143.685
114.22 145.96
118.732 146.686
124.696 145.835
130.506 144.053
91.5182 113.781
97.3944 110.787
104.179 110.98
109.304 113.189
103.622 114.845
97.5665 115.124
140.468 112.652
146.335 110.593
153.435 110.849
159.306 114.368
152.361 115.539
145.821 114.869
103.449 169.841
106.615 163.471
112.73 158.331
119.763 159.068
129.39 158.335
137.809 162.97
144.015 169.073
138.321 176.703
129.794 181.672
119.974 182.79
112.313 182.463
105.536 177.963
112.172 165.192
119.396 164.409
130.853 164.627
130.945 174.092
119.68 175.054
112.224 174.79
