83.1507 90.3044
88.778 85.771
96.2176 85.6474
103.531 87.8997
110.551 90.9919
137.735 96.7834
145.121 94.6124
152.945 93.2749
160.6 94.234
166.714 99.1413
123.442 110.962
122.67 120.376
122.025 130.239
121.499 139.793
110.918 141.896
114.831 145.379
120.044 147.222
125.725 147.02
131.119 145.114
95.0132 111.93
100.342 113.805
105.663 113.907
110.983 112.202
105.529 113.535
99.8447 113.591
137.773 115.599
142.782 118.58
147.873 119.529
153.333 118.588
148.119 118.81
142.721 117.889
102.589 160.588
107.575 158.428
113.815 157.142
120.047 158.273
126.981 158.018
133.812 160.634
139.296 164.045
133.988 168.97
126.677 172.128
118.771 172.271
111.604 170.827
106.192 166.348
112.147 161.009
119.418 161.393
128.07 162.235
127.967 165.287
119.357 165.446
112.255 163.835
