86.9344 89.0086
91.6815 84.8343
97.9434 85.332
103.824 88.2403
109.128 91.9142
140.319 97.9754
146.739 96.1117
153.617 94.815
160.572 95.7835
165.706 101.051
122.52 112.067
121.167 120.292
119.82 128.875
118.608 137.398
110.027 142.321
113.49 145.22
118.031 146.704
123.194 146.806
127.855 145.576
95.1295 107.95
100.737 105.802
106.897 107.623
111.337 112.028
105.219 113.173
99.0495 112.414
136.057 115.915
142.155 113.063
148.958 114.117
154.787 118.562
148.331 120.516
141.437 119.804
102.26 160.258
107.184 158.474
112.451 157.37
117.466 158.643
124.478 158.696
131.487 161.166
137.157 164.832
131.904 168.915
124.697 171.365
117.097 171.421
110.487 169.547
105.678 165.474
111.14 160.939
117.027 161.717
125.518 162.911
125.755 166.14
117.285 165.914
111.243 163.912
