85.6765 89.0436
90.3722 84.9264
96.6959 84.8759
102.928 87.36
108.857 90.5341
138.756 96.3687
145.998 94.599
153.227 92.898
160.593 93.7219
166.722 98.4495
122.774 110.946
121.618 119.668
120.515 128.89
119.502 137.994
109.911 141.805
113.631 145.167
118.68 146.856
124.102 146.574
129.179 144.947
94.6896 108.431
99.9536 107.731
105.347 108.813
109.73 111.256
104.284 112.064
98.7911 111.648
137.202 114.752
142.864 114.03
148.561 114.658
154.005 116.749
148.179 117.914
142.299 117.355
102.763 160.579
107.273 158.542
112.959 157.359
118.45 158.617
125.59 158.436
132.63 160.946
138.697 164.283
132.627 168.7
125.274 171.337
117.503 171.722
111.014 169.914
106.107 165.999
111.232 160.848
117.841 161.682
126.812 162.674
127.044 165.962
118.066 165.734
111.35 163.727
