84.4967 96.2471
90.2061 91.7164
97.7585 89.8879
105.17 90.4199
112.457 91.4317
142.785 90.967
146.555 88.9474
150.542 87.1618
154.597 86.7652
157.459 89.1035
127.913 111.038
130.821 119.357
133.66 127.507
136.517 135.738
121.168 143.718
126.958 145.313
133.205 145.386
137.534 143.931
140.418 141.482
94.6315 115.449
99.9374 112.67
105.819 112.175
111.228 114.524
106.185 117.661
100.047 117.901
136.414 112.598
141.329 108.774
146.439 107.317
150.732 109.458
147.308 113.24
141.655 113.964
109.591 162.843
117.167 159.628
124.828 156.444
132.377 156.539
136.069 154.859
139.907 156.182
142.192 158.889
140.76 164.749
136.589 168.173
131.719 169.793
123.893 170.035
115.859 167.91
122.314 160.826
132.322 159.193
136.866 158.817
136.21 161.686
131.472 163.193
122.182 163.921
