79.3183 93.81
85.4565 88.512
93.783 87.0039
102.088 88.7519
109.808 91.8322
139.607 94.0369
146.136 91.8948
152.739 90.248
159.332 91.0818
163.876 95.7078
124.873 110.267
125.758 119.542
126.885 129.205
127.857 138.449
113.934 143.782
119.447 146.177
125.416 146.893
130.712 146.143
134.818 143.899
92.9177 112.993
98.3275 113.428
103.899 112.986
109.631 112.533
104.04 113.544
98.4278 113.661
135.62 113.633
141.362 114.364
146.522 114.127
151.609 114.113
146.681 114.762
141.262 114.287
102.995 161.996
109.771 159.565
117.215 157.49
124.914 158.117
130.726 157.289
136.236 158.982
140.814 161.838
136.534 167.064
130.482 170.548
123.564 171.852
115.59 170.789
108.657 167.28
114.351 161.805
124.282 161.555
132.505 161.481
132.443 163.679
123.96 164.58
113.965 163.955
