88.3413 88.7732
93.3772 84.7069
99.8804 85.4419
105.946 88.516
111.277 92.5557
141.168 98.2846
147.693 96.9941
154.255 96.3228
160.947 97.5471
166.059 102.327
124.109 112.035
122.961 120.35
121.966 129.028
120.967 137.785
110.675 141.983
114.17 145.2
118.794 147.078
123.243 147.386
127.052 146.277
95.6257 106.796
101.08 105.386
107.013 107.43
111.132 111.585
105.067 112.476
99.0958 111.504
136.268 115.785
142.278 113.763
148.631 115.195
154.047 119.591
147.676 120.611
141.375 119.649
100.065 159.44
105.165 157.604
110.906 156.558
116.715 158.106
123.54 158.296
129.888 161.1
134.727 165.077
129.127 169.463
121.886 171.584
114.519 171.469
107.813 169.526
103.27 165.247
109.448 160.137
115.619 161.4
122.955 162.542
122.816 166.029
115.456 165.507
109.382 163.159
