82.5551 94.9301
86.9966 88.5147
94.235 85.2123
102.07 86.1729
109.451 88.8817
141.015 91.6794
148.411 90.2734
155.456 89.7852
161.697 92.3965
165.595 98.4509
125.651 111.298
125.749 119.344
126.079 127.591
126.433 135.295
115.9 143.366
120.166 145.358
125.161 146.232
129.643 146.151
133.715 144.891
93.9352 114.31
99.2735 115.541
104.548 115.574
110.232 113.818
104.516 114.562
98.945 114.951
137.641 115.019
142.55 116.493
147.738 117.264
153.136 117.038
147.938 116.546
142.892 115.856
104.456 162.083
110.336 159.148
117.114 156.458
124.429 157.129
130.538 156.856
136.376 159.581
141.701 163.067
136.565 166.933
130.087 169.416
123.295 169.964
116.035 169.543
109.625 166.557
115.564 161.086
123.779 160.811
131.303 161.373
131.293 163.873
123.871 164.13
115.83 163.447
