87.6538 92.2529
93.7792 90.4768
100.224 91.2292
106.464 94.1114
112.839 97.6205
135.948 101.934
143.933 101.674
152.241 101.444
160.677 103.362
168.215 107.93
122.934 108.845
120.442 118.663
117.953 128.482
115.546 138.287
107.765 140.662
111.655 144.694
116.768 146.93
124.117 146.843
130.894 144.866
95.0401 102.649
100.901 102.622
106.328 103.459
111.187 105.907
105.543 105.196
100.125 104.202
142.054 111.527
148.491 111.756
154.128 112.748
159.455 114.866
153.36 114.487
147.357 113.465
100.509 158.862
105.983 157.277
111.627 156.967
117.098 158.877
126.271 159.261
135.053 161.925
142.798 166.08
135.071 170.54
126.205 173.159
116.945 172.627
109.845 170.405
104.257 165.221
110.029 160.263
117.052 162.842
129.198 163.783
129.428 166.428
117.387 165.983
110.258 163.031
