84.7615 83.385
93.0862 81.14
101.116 84.4319
108.576 89.2349
115.002 94.6318
143.847 101.547
152.712 100.775
161.851 100.808
170.378 103.463
177.329 109.579
126.164 111.777
123.685 121.751
121.003 131.711
118.405 141.494
105.857 142.039
110.51 146.856
116.482 149.897
123.494 150.716
129.92 149.648
94.0263 103.617
99.8688 104.134
105.903 106.358
111.715 109.483
105.259 108.342
98.9454 106.685
141.346 117.356
147.167 117.309
153.098 118.884
158.226 121.754
152.576 120.963
146.786 119.68
92.8744 159.287
100.217 158.959
107.817 159.379
114.463 162.484
123.065 163.455
131.005 167.212
137.91 171.64
129.621 173.158
121.037 173.458
112.503 171.546
105.168 169.317
98.5862 164.852
103.908 163.061
113.202 166.116
124.689 168.356
124.768 168.684
113.998 166.115
104.631 163.024
