95.32 89.9425
101.728 89.583
107.586 92.4004
112.415 95.7746
117.131 99.4633
136.517 101.777
145.733 99.7801
155.594 98.9431
165.116 101.275
173.261 106.147
124.199 107.464
120.595 116.168
116.97 125.153
113.231 134.566
107.211 138.076
110.748 141.778
115.455 144.196
122.579 144.355
129.5 142.814
100.278 105.921
105.467 105.027
110.702 106.439
115.133 109.505
109.426 110.31
104.35 109.448
142.706 113.861
148.069 112.417
154.133 113.586
159.607 116.999
153.503 118.493
147.673 117.351
102.367 157.434
105.746 154.413
111.112 152.385
115.871 153.725
124.694 154.135
132.535 158.357
138.832 163.73
132.195 170.187
123.462 174.665
113.778 175.376
106.751 172.215
102.496 165.353
109.606 156.712
115.78 157.099
126.9 159.196
126.053 167.08
114.358 167.883
107.967 163.488
