95.6565 86.4914
101.629 87.8881
106.303 91.9092
110.553 95.8525
114.301 100.293
137.072 105.333
144.941 104.98
153.054 104.944
160.716 107.25
168.113 111.983
121.742 112.608
118.504 120.351
115.077 128.286
111.675 136.273
104.665 139.627
107.889 143.124
112.649 145.603
118.865 146.444
124.829 146.089
99.2697 105.519
103.96 105.502
108.71 107.79
112.808 111.287
107.385 111.292
102.368 109.686
138.338 118.276
143.884 117.439
149.72 118.819
154.77 122.067
148.682 123.313
142.613 121.933
99.5029 157.023
103.675 155.679
108.143 155.502
112.331 157.243
119.881 158.635
126.877 162.395
132.873 166.684
126.301 170.444
118.233 171.558
110.181 170.118
104.79 167.5
101.217 162.58
105.834 158.924
111.889 161.129
122.525 163.69
122.202 166.098
111.626 163.972
105.412 160.838
