87.414 90.1426
94.799 89.2454
101.547 91.3016
107.931 94.3573
114.092 98.432
135.172 100.626
144.79 98.9664
154.979 98.3037
164.513 101.37
173.523 107.007
121.503 109.339
118.519 118.711
115.546 128.206
112.492 137.852
105.283 141.662
109.283 145.385
114.369 147.755
121.399 147.774
128.437 146.351
93.9239 106.832
100.378 105.183
106.928 107.008
112.093 111.088
105.557 112.354
99.0535 111.31
140.16 115.509
146.345 112.82
153.601 113.741
159.904 117.682
152.97 119.673
145.901 118.583
97.9727 160.293
103.118 157.959
109.148 156.558
114.824 158.315
124.088 158.642
133.029 162.257
141.342 166.583
133.447 173.081
123.521 176.847
113.333 177.028
105.834 174.46
100.356 167.979
106.293 160.343
114.48 161.446
127.646 163.458
127.203 169.519
113.71 169.928
105.601 165.9
