93.5189 91.0267
99.6775 90.3497
105.168 92.7317
109.863 95.7587
114.95 99.0696
135.339 102.435
144.653 100.879
154.54 100.009
164.009 102.539
171.603 108.317
122.242 110
118.234 119.16
114.437 128.301
110.852 137.98
104.767 140.901
108.645 145.013
113.792 147.619
121.295 147.787
128.955 145.823
97.6587 107.116
103.174 105.967
108.63 107.819
113.108 111.553
107.303 112.167
101.82 111.025
141.755 116.013
147.416 113.581
154.167 115.034
160.107 118.961
153.432 120.343
147.021 119.142
100.464 160.837
104.124 157.599
109.707 155.927
115.135 157.575
124.244 158.192
132.878 162.434
139.49 167.99
132.424 174.152
123.283 177.84
113.547 178.059
106.333 175.296
101.782 168.677
107.487 160.148
114.908 161.028
127.045 163.167
126.294 169.918
113.949 170.168
106.608 166.141
