94.775 90.105
100.936 90.5546
106.351 93.6851
111.154 96.7243
116.057 99.943
134.369 101.569
143.619 99.8842
153.242 99.2237
162.387 101.803
170.887 106.273
121.934 107.733
118.233 116.551
114.506 125.529
110.777 134.739
105.792 140.382
109.324 143.532
113.985 145.457
120.059 145.682
125.912 144.52
98.8125 106.06
103.661 105.319
108.697 106.756
113.557 110.154
107.474 110.66
102.471 109.609
140.071 114.397
145.331 112.824
151.568 113.856
157.288 116.694
151.051 118.372
144.578 117.436
101.925 160.451
105.549 158.183
110.284 156.871
114.751 158.381
122.877 159.034
130.583 162.743
137.063 166.593
131.019 173.257
122.743 176.961
113.944 177.274
106.967 174.397
102.335 168.099
108.513 161.167
114.609 161.798
125.014 164.048
124.803 168.776
114.211 168.713
107.713 165.633
