89.9757 92.4369
96.8122 91.5826
103.223 93.5713
109.183 96.5622
115.304 99.4694
135.579 100.582
145.763 100.464
155.776 99.8924
165.301 102.79
173.544 108.012
121.393 107.38
118.087 116.458
114.521 125.692
110.986 134.876
104.822 142.198
108.664 145.631
113.806 147.802
120.901 148.044
127.747 147.34
96.1961 105.571
101.906 103.619
107.719 104.974
112.648 108.415
106.686 108.862
101.112 108.242
143.35 113.657
149.283 111.757
156.276 113.481
162.284 117.155
155.416 117.91
148.67 116.669
96.9368 164.689
102.341 161.767
108.255 160.052
113.935 161.729
123.42 162.288
132.495 166.568
140.375 171.695
131.787 176.427
122.039 178.814
112.115 178.415
104.902 176.338
99.5533 171.015
106.355 164.979
113.83 166.132
125.63 167.914
124.923 171.247
112.864 170.517
105.402 168.002
