81.9514 99.003
90.9105 95.1747
100.369 93.4281
110.244 94.6378
119.792 95.987
143.853 95.5098
150.074 93.0898
155.862 90.7374
161.693 89.6022
167.132 90.9161
132.984 107.347
135.245 118.937
137.405 130.441
139.082 141.672
119.009 143.822
126.7 146.845
134.97 147.993
140.943 146.303
145.228 142.287
94.8395 112.23
101.29 113.169
107.938 112.666
113.803 111.3
108.22 113.782
101.482 114.286
140.976 106.655
146.177 106.763
151.964 106.534
156.834 105.825
152.176 107.156
146.623 107.645
98.5998 150.848
108.945 152.625
119.268 153.846
129.471 154.706
134.487 152.781
139.607 150.434
144.216 147.937
141.475 157.125
137.139 165.397
128.248 169.517
115.933 167.884
105.854 160.627
114.746 155.956
128.637 157.394
136.34 153.815
136.836 157.185
128.142 161.627
114.187 160.054
