81.1335 99.6211
87.6427 94.3479
95.9579 92.0796
104.55 92.9126
112.877 95.8477
139.948 98.4961
146.955 96.8158
153.853 96.2766
160.412 98.4955
165.422 103.914
126.305 110.445
126.529 119.459
126.861 128.574
127.276 137.901
114.555 142.137
119.929 144.627
126.271 145.649
132.03 145.139
137.095 142.819
93.1525 110.773
99.1431 108.372
105.767 108.368
110.581 111.701
105.245 113.436
98.7449 113.119
138.453 114.516
143.717 111.625
150.129 111.225
155.718 114.756
150.603 116.353
144.464 116.041
98.9511 154.922
107.826 154.565
116.333 154.694
124.794 155.658
131.269 155.086
138.039 155.484
145.416 156.913
140.115 164.097
132.98 169.481
124.256 171.124
113.59 169.677
104.88 163.407
112.709 156.783
124.596 157.491
134.057 157.41
134.449 163.062
123.974 164.836
111.631 161.995
