82.6311 99.5618
91.3466 96.1565
100.618 94.7778
110.092 96.2848
119.207 97.7841
142.896 97.3969
148.77 94.8193
154.282 92.2356
160.135 90.8477
165.765 91.6613
132.696 108.471
135.099 119.599
137.31 130.735
139.11 141.784
119.195 143.311
126.955 146.607
135.343 147.681
141.343 145.751
145.65 141.388
95.8824 112.946
102.124 113.853
108.432 113.053
114.218 111.424
108.934 114.009
102.519 114.626
140.383 107.152
145.418 107.557
150.991 107.247
155.753 106.254
151.241 107.522
145.871 108.137
100.484 149.906
110.114 151.815
120.013 152.963
129.764 154.019
134.647 152.09
139.811 149.513
144.774 146.774
142.192 155.856
137.956 164.296
129.269 168.361
117.188 166.819
107.47 159.47
115.815 154.763
129.143 156.309
136.812 152.738
137.584 156.175
129.185 160.717
115.421 159.151
