85.441 102.691
91.8235 98.1265
99.3338 95.5869
107.07 96.4064
114.794 98.3264
138.494 100.302
143.172 98.152
147.909 97.1501
152.413 97.6775
156.238 100.051
127.703 111.917
130.14 119.016
132.797 126.242
135.401 133.773
119.211 142.536
124.897 143.997
131.19 144.187
135.635 143.204
139.258 141.034
95.2006 114.214
100.636 111.365
106.757 110.905
111.455 113.6
106.845 116.081
100.851 116.291
135.706 114.477
140.613 111.357
146.026 110.734
150.781 113.712
146.969 115.811
141.46 115.934
101.849 155.031
110.938 153.732
119.943 152.363
128.986 153.035
133.639 151.811
138.229 152.612
142.806 154.095
140.174 160.7
135.301 166.094
128.119 168.294
117.836 167.444
108.678 162.526
116.12 155.436
128.974 155.85
135.294 154.704
135.849 159.779
128.187 162.552
115.37 161.041
