93.4643 96.1453
98.2311 94.5467
102.665 95.2889
107.272 97.6218
112.2 100.112
128.742 99.6222
136.991 96.5377
146.164 95.0859
155.063 97.6094
161.741 103.411
118.684 109.838
115.279 117.659
111.844 125.43
108.601 133.445
106.54 141.926
110.197 144.255
114.747 144.951
120.195 144.093
126.472 142.741
98.5821 111.808
102.548 109.44
108.377 109.761
113.068 113.442
107.861 115.003
102.561 114.468
137.087 114.726
141.951 110.96
148.541 111.034
155.07 114.084
148.579 116.326
142.135 116.461
110.41 167.426
108.703 160.556
111.741 155.671
117.349 154.941
127.568 155.37
136.865 160.109
143.903 167.51
138.361 174.354
130.994 179.539
122.099 181.101
116.144 178.358
112.686 173.263
112.906 160.803
118.437 158.993
130.918 160.728
132.562 172.205
121.368 175
115.292 171.966
