91.7713 95.2043
95.0794 91.3454
99.6528 90.0254
104.47 90.8576
109.249 93.1177
129.329 93.9333
137.793 92.3888
146.689 92.7134
155.023 96.0672
162.147 100.912
119.384 108.876
115.611 117.595
112.044 126.664
108.496 135.49
106.578 143.894
110.204 146.316
115.12 146.967
121.933 146
128.369 143.99
97.8326 115.105
101.785 111.988
106.93 111.925
112.559 113.669
107.231 114.874
102.275 115.426
139.189 112.847
143.776 110.385
149.802 111.06
155.885 112.925
149.7 114.125
143.79 113.953
106.246 165.031
108.539 161.48
112.683 158.597
117.534 158.53
126.995 157.989
136.682 159.915
145.754 163.16
138.65 169.761
129.677 175.087
119.816 177.239
112.677 176.364
108.049 171.661
113.234 162.871
118.201 162.653
131.267 161.807
131.925 167.94
119.004 170.843
112.798 169.11
