78.981 100.168
84.6007 94.3308
92.6609 92.308
101.243 93.6997
109.044 97.2101
135.891 97.6623
144.367 95.4942
153.173 95.5176
161.234 98.4403
167.208 104.801
122.872 110.7
123.029 118.793
123.114 126.894
123.16 134.893
114.214 144.147
118.638 145.525
123.81 145.907
128.815 145.301
133.313 144.219
90.6445 114.029
96.0745 110.756
103.015 111.182
108.894 114.784
102.78 117.03
95.9025 117.153
138.131 114.137
143.609 110.955
150.51 110.953
156.829 113.909
150.399 116.33
143.812 116.298
105.623 167.736
110.84 162.253
117.235 157.928
124.749 157.659
132.204 157.36
138.706 161.129
143.45 166.05
138.737 170.862
132.252 173.749
125.115 175.064
117.291 175.216
110.442 172.506
116.314 163.048
124.864 161.659
133.533 162.459
133.201 167.498
124.787 168.119
116.471 168.257
