81.2263 99.233
87.258 93.9334
95.6734 92.6848
104.16 94.2732
111.87 97.803
135.644 97.7829
144.315 95.4943
153.459 95.2786
162.112 97.7392
168.471 103.923
122.994 109.171
122.691 117.88
122.354 126.632
121.979 135.235
114.382 142.292
118.212 143.86
122.888 144.542
128.084 143.931
132.69 142.648
92.7815 112.862
97.9344 111.392
104.11 111.151
109.585 112.53
104.277 114.408
98.2671 114.796
138.854 112.839
144.569 111.878
150.922 112.351
156.732 113.986
150.709 115.418
144.573 114.746
105.955 165.484
111.191 161.505
116.82 158.06
123.4 158.426
130.482 157.685
137.117 160.505
142.977 163.874
137.233 166.649
130.776 168.766
123.93 169.632
117.193 169.714
111.151 168.147
116.441 162.517
123.645 162.031
131.938 162.066
131.913 163.554
123.764 163.82
116.681 164.308
