80.1151 106.623
85.5404 100.232
92.7919 96.1036
100.974 94.7647
109.318 95.6809
132.128 94.5904
136.617 91.9118
141.561 90.4698
146.836 91.0401
151.591 93.7154
124.848 107.632
129.202 114.956
133.793 121.848
138.419 128.767
125.413 141.995
130.727 141.418
135.968 140.358
139.028 139.19
141.331 137.754
93.4182 119.362
97.9454 115.599
103.033 114.106
108.079 115.652
104.055 118.095
98.6923 119.434
133.157 111.017
137.579 108.389
142.176 107.4
146.034 109.47
142.711 110.762
138.069 111.06
117.989 165.692
123.386 159.165
129.89 153.702
138.038 152.366
142.564 150.794
147.326 153.31
150.304 157.3
149.181 162.728
145.631 166.843
140.746 168.638
132.818 170.457
124.738 169.385
128.438 159.44
138.52 155.997
143.494 155.98
144.127 158.678
139.588 160.329
129.547 162.487
