83.2202 92.9798
88.8938 91.7365
95.1094 93.1342
101.188 95.5579
106.428 99.2237
132.249 97.4509
139.218 92.9861
146.809 89.2133
155.047 87.6952
162.672 89.6869
120.112 109.961
120.92 121.14
121.505 132.529
121.952 143.766
116.112 145.191
120.624 148.657
125.703 149.629
132.615 147.197
137.732 142.824
97.3224 112.455
101.374 114.877
105.736 114.275
109.596 112.027
105.813 114.265
101.571 114.504
140.343 111.222
146.12 113.178
150.916 112.465
155.19 108.5
151.249 112.374
145.937 112.67
112.44 159.284
117.682 157.846
123.555 156.632
129.747 157.533
137.493 155.553
145.067 155.902
152.167 157.137
146.405 163.488
139.44 168.712
130.612 170.342
123.41 169.163
117.56 164.743
121.265 160.07
130.24 160.247
141.493 158.647
141.334 159.694
129.809 161.4
121.148 160.881
