80.9594 100.663
87.5838 96.1458
96.0104 95.1173
104.539 96.8346
112.533 99.5883
133.881 100.292
142.81 98.0876
151.836 97.0389
160.708 98.8923
167.347 104.756
122.389 108.864
122.182 117.501
121.938 126.496
121.608 135.263
113.212 143.912
117.137 145.778
121.986 146.566
127.288 145.678
131.972 144.152
89.75 111.249
95.81 107.89
103.065 108.101
108.893 111.733
102.604 114.186
95.7038 114.48
138.236 113.415
144.379 110.605
151.707 110.771
158.254 114.345
151.4 116.342
144.512 115.789
103.51 167.18
109.377 163.387
115.709 159.955
122.755 160.007
130.278 159.695
137.373 162.777
143.515 166.47
136.649 168.747
129.768 170.674
122.615 171.565
115.677 171.577
109.201 169.933
114.529 164.205
122.77 163.804
131.401 163.953
131.141 165.719
122.572 166.215
114.383 166.534
