85.6965 101.129
91.1776 97.3917
97.8327 96.9194
103.985 98.5286
110.12 100.211
133.784 99.5856
139.728 97.5396
145.765 95.8562
151.812 96.1398
157.077 99.9481
123.175 110.042
124.414 118.565
125.595 127.107
126.833 135.7
116.437 141.812
121.109 143.724
125.94 144.375
130.294 143.31
133.843 141.078
90.8523 114.654
96.8482 110.49
103.848 110.134
108.976 114.623
103.633 116.649
96.8846 117.024
135.789 112.53
140.888 108.207
147.368 107.705
152.317 111.26
147.91 113.983
141.721 114.017
106.82 158.699
113.491 156.865
119.872 155.043
126.676 155.223
132.295 154.041
138.027 154.406
143.519 155.586
139.447 160.264
133.984 163.635
127.552 165.416
119.974 165.017
113.076 162.608
118.064 158.401
126.858 158.083
134.346 156.786
134.78 157.961
127.084 159.845
118.211 159.539
