81.8924 90.5824
87.7114 86.0094
95.4221 84.6874
102.816 86.7824
109.682 90.751
143.112 95.7434
149.175 92.807
155.384 91.3289
161.728 91.8584
165.694 97.4766
126.109 112.708
126.605 121.17
127.609 129.925
128.639 138.596
114.043 144.735
118.883 147.302
123.965 148.378
128.986 147.949
132.947 146.025
93.0715 112.318
98.4064 112.243
103.654 112.215
108.405 112.905
103.49 114.512
98.1173 114.357
136.841 116.657
142.891 115.894
148.662 116.067
153.157 118.014
148.078 118.919
142.464 118.323
100.839 163.606
108.115 160.518
115.745 158.391
124.008 159.719
129.709 158.898
134.873 161.784
138.459 165.993
134.508 170.183
128.273 171.524
122.027 171.068
114.252 170.36
107.15 167.863
113.246 163.56
123.072 164.067
129.849 164.038
129.508 165.36
122.702 164.657
113.481 164.051
