88.1883 105.825
93.9421 101.443
100.878 99.2652
108.016 100.375
115.154 101.918
132.854 102.681
138.971 101.394
145.025 100.25
150.867 101.481
156.067 105.106
124.889 110.502
125.943 117.923
127.04 125.053
128.079 132.317
117.891 139.489
122.281 140.708
126.921 141.196
130.743 140.504
134.054 139.002
94.3578 114.896
99.9192 111.486
106.609 110.734
111.92 113.957
106.667 116.303
100.061 116.714
134.149 113.5
139.555 110.388
145.892 110.438
150.787 113.708
146.291 115.972
139.888 115.775
106.079 156.888
112.252 153.141
118.859 150.844
126.048 151.4
131.852 150.426
137.644 152.088
142.602 155.724
139.041 161.064
133.578 165.042
126.213 166.566
117.965 165.75
111.364 162.071
117.125 154.55
125.93 154.146
133.116 153.74
133.647 159.65
125.867 161.345
116.755 160.62
