82.9733 108.443
91.0561 103.906
99.4358 101.272
108.342 101.171
117.008 102.074
138.425 97.9015
141.88 95.1382
145.026 92.5614
148.507 90.3845
152.723 89.364
130.211 107.746
134.508 116.886
138.968 125.536
143.6 134.179
125.957 141.914
132.004 142.595
138.24 141.549
142.293 139.831
145.107 137.313
96.6082 116.134
102.621 115.246
107.688 114.103
112.001 112.671
107.985 115.444
102.39 116.715
135.937 106.388
140.732 104.725
144.719 103.739
148.858 102.997
145.481 105.113
141.11 106.285
110.781 162.385
118.912 158.08
127.414 154.315
136.653 152.535
140.529 151.011
144.136 151.603
145.738 153.63
146.288 160.737
144.165 167.632
138.513 171.997
128.31 173.283
118.491 169.514
124.779 158.784
136.612 155.313
141.49 153.827
142.396 160.261
137.401 164.174
125.127 165.513
