83.9378 106.758
90.1479 102.202
97.7467 100.095
105.707 100.862
113.451 101.769
133.714 101.876
140.23 101.036
146.752 100.097
153.201 101.226
159.027 104.43
125.116 108.772
126.181 116.157
127.298 123.157
128.333 130.497
117.058 139.188
121.713 140.812
126.747 141.297
130.779 140.632
134.254 138.773
92.5259 113.133
98.6949 109.869
105.734 109.06
111.266 111.993
105.909 114.652
99.0838 115.011
135.649 112.177
141.37 109.717
147.959 109.865
153.015 112.695
148.2 114.678
141.851 114.255
104.043 157.914
111.216 153.996
118.457 151.219
126.55 150.965
132.868 150.321
139.12 152.099
144.24 156.037
140.318 162.527
134.811 168.128
126.553 170.068
117.211 168.914
110.109 163.995
116.164 155.228
126.352 154.265
134.1 153.975
135.101 162.283
126.571 164.606
115.526 163.632
