85.0939 106.924
90.6944 103.201
97.5012 101.804
104.362 102.464
111.337 103.299
134.37 103.291
140.518 102.097
146.534 101.27
152.513 102.308
157.927 104.933
124.654 110.436
126.137 116.744
127.508 122.768
128.658 128.812
117.813 139.894
122.462 141.131
127.8 141.455
131.741 140.951
135.35 139.309
91.2932 116.011
97.4848 112.538
104.298 111.804
109.378 114.721
104.102 116.762
97.8389 117.081
136.893 114.316
142.45 112.032
149.051 111.692
153.787 114.675
148.98 116.07
142.854 115.691
105.161 161.251
111.004 154.46
118.808 150.857
127.367 150.685
134.677 149.874
141.629 152.653
144.636 159.103
142.303 167.193
136.254 173.024
127.196 174.607
117.562 173.777
110.134 168.492
116.191 155.292
126.934 153.797
135.741 153.835
137.083 166.852
127.172 169.075
115.722 168.184
