82.5639 105.861
89.0572 101.56
96.4785 99.6996
104.157 100.552
111.531 101.363
132.658 101.21
139.6 99.8978
146.57 99.0979
153.325 101.05
159.235 104.796
124.181 109.9
125.589 116.402
126.875 122.543
128.031 128.918
116.308 139.059
120.827 140.855
125.942 141.455
130.007 140.873
133.498 138.94
90.626 113.719
96.9267 110.338
104.098 109.909
109.935 112.691
104.196 115.456
97.2938 115.694
135.57 112.897
140.788 109.967
147.619 109.79
152.857 112.719
147.875 114.875
141.63 114.568
103.657 158.705
110.32 153.392
117.672 150.2
125.691 150.085
132.412 149.349
139.082 151.67
143.801 156.71
140.531 164.11
134.727 170.214
126.044 172.096
116.515 170.987
109.273 165.483
115.083 154.627
125.352 153.472
133.779 153.192
135.456 164.4
126.004 166.746
114.484 165.729
