83.9119 106.637
89.0965 102.09
95.6796 100.114
102.333 100.261
108.815 101.498
132.59 99.9253
139.055 98.2393
145.533 97.167
152.155 98.4038
157.675 101.92
122.307 107.847
123.166 114.466
124.288 121.003
125.427 127.354
116.042 137.721
120.308 138.528
124.998 138.659
129.104 138.289
132.755 137.15
92.146 114.336
97.422 111.109
103.687 110.382
108.6 112.893
103.698 115.002
97.713 115.219
135.171 112.261
140.472 109.205
147.073 108.641
152.299 111.549
147.371 113.152
141.028 113.258
107.211 159.321
111.94 153.658
117.917 149.819
125.296 149.226
131.702 148.698
137.833 151.591
142.444 156.165
139.855 162.514
134.149 166.712
126.622 167.701
118.784 167.286
112.137 163.977
116.364 153.866
125.191 152.312
133.205 152.453
134.37 160.533
126.214 161.619
117.038 161.37
