83.2188 108.262
88.3965 103.925
94.6584 101.705
101.231 101.957
107.904 102.579
132.303 100.877
138.065 99.6361
144.246 98.7536
150.358 100.226
155.662 103.524
121.819 108.534
123.537 114.016
125.2 119.345
126.692 124.51
116.744 136.794
120.921 137.524
125.533 137.538
129.359 137.077
132.757 136.011
92.512 115.849
97.4954 112.704
103.564 111.944
108.363 114.212
103.553 116.863
97.7379 117.043
134.053 113.212
138.932 110.383
145.162 110.043
150.031 112.605
145.349 114.512
139.394 114.476
106.783 157.259
112.862 152.396
119.241 148.616
126.717 147.922
132.625 147.117
138.32 149.589
142.544 153.617
140.768 160.41
135.503 165.042
128.201 166.132
119.596 165.544
112.38 162.227
116.5 152.585
126.648 150.839
134.628 150.677
135.785 159.194
127.419 160.808
116.972 160.481
