86.1724 87.2618
92.9399 85.35
100.183 86.8398
106.774 90.3298
113.01 93.6137
146.809 97.1545
152.199 94.7685
157.86 92.7111
163.647 92.2923
167.32 95.5753
127.555 114.453
127.725 123.596
128.271 132.792
128.71 142.167
114.003 143.478
119.323 146.966
125.672 149.194
130.878 148.139
134.649 144.951
96.2848 111.574
100.946 111.489
106.23 111.823
111.367 113.281
105.67 115.195
100.244 114.568
139.428 115.864
144.583 115.082
149.33 115.164
153.949 116.241
149.346 118.319
144.113 118.049
100.047 155.418
107.414 155.949
115.396 156.814
123.59 158.101
128.593 157.218
133.335 156.304
137.681 156.696
134.6 164.352
128.533 169.443
121.011 170.633
111.91 168.507
105 163.136
112.18 159.197
122.893 160.839
129.506 160.054
129.432 162.641
122.388 163.888
111.9 161.774
