89.4305 98.4062
96.6747 94.9506
105.146 94.0643
113.576 96.7872
121.375 101.115
144.251 104.604
148.58 102.456
153.145 101.617
157.524 102.107
161.145 105.006
131.471 112.452
132.159 121.081
133.152 129.717
134.2 138.289
115.498 142.748
121.056 145.78
126.757 147.417
130.796 147.274
134.623 145.498
96.8734 106.331
103.026 105.277
108.879 105.877
112.53 109.526
107.413 110.501
101.706 109.392
137.433 113.119
142.406 110.815
147.211 110.592
150.199 113.659
145.917 115.426
141.603 115.115
97.3503 158.709
105.705 158.484
113.971 158.106
122.12 159.753
125.705 159.07
128.719 161.018
130.102 162.642
128.346 166.868
124.56 169.659
119.77 170.299
111.203 168.328
103.534 164.62
109.96 161.207
120.836 162.83
125.453 162.703
125.533 164.332
121.001 164.275
109.833 162.451
