84.1408 101.19
87.671 95.22
93.4627 91.7939
100.087 91.4881
107.005 92.8625
136.334 91.4677
141.962 88.7687
148.395 87.4178
154.596 88.9459
158.937 93.9683
122.762 110.574
123.227 118.162
123.563 125.827
124.055 133.728
117.554 142.726
121.227 143.277
124.882 143.467
128.8 142.411
132.048 140.461
94.6233 115.806
99.9976 111.905
106.588 111.133
112.214 114.649
106.787 117.687
100.211 117.933
133.706 113.249
139.006 108.931
145.484 107.446
150.833 110.731
146.283 114.986
139.572 114.865
112.693 162.178
115.367 157.74
119.882 153.808
125.938 153.807
132.141 152.497
137.453 155.516
141.651 159.379
139.425 165.878
133.909 170.622
126.729 172.401
119.733 171.903
114.319 168.045
119.421 157.861
125.762 156.271
132.513 156.445
132.752 163.24
126.147 165.112
119.767 164.709
