82.3342 102.895
87.8375 98.2167
94.9135 97.2332
102.177 97.8494
109.324 99.3111
135.387 97.3891
142.345 95.7731
149.447 94.4887
156.815 95.0556
162.586 98.9122
122.688 110.085
123.127 117.762
123.751 125.57
124.386 133.289
116.779 141.279
120.25 142.064
124.588 142.267
128.79 141.32
132.366 139.822
90.6102 114.167
96.2335 110.092
103.908 109.422
110.063 113.334
103.791 115.673
96.5185 116.129
135.031 112.006
140.545 107.931
148.056 107.251
154.807 110.209
149.175 113.579
141.706 113.568
110.081 159.968
114.121 155.479
119.275 151.645
126.029 151.119
132.801 150.411
138.624 153.182
143.413 156.733
140.248 162.733
134.882 167.599
127.337 169.383
119.718 169.202
113.497 165.506
119.334 155.691
126.184 153.677
133.368 154.031
133.628 160.804
126.615 162.357
119.891 162.417
