80.0597 89.6361
86.9947 85.2648
95.2446 85.711
103.261 88.6383
110.961 92.4979
141.02 93.9013
148.908 91.3162
156.576 89.2013
164.217 89.9315
170.131 94.6958
124.284 113.521
124.013 123.05
123.763 133.285
123.414 143.15
110.633 142.602
115.134 146.612
121.116 148.876
127.917 147.698
133.467 144.581
93.4326 110.583
98.5232 112.033
104.15 112.6
109.53 113.193
103.794 113.705
98.1055 112.747
137.467 115.62
144.027 115.61
149.782 115.594
154.771 115.114
149.898 116.732
143.846 116.749
98.379 156.501
106.325 155.608
114.152 156.592
121.935 157.605
129.327 157.376
136.241 156.489
142.894 157.42
138.34 168.28
130.906 176.125
120.17 178.854
108.828 175.788
101.874 167.314
110.598 158.887
121.49 160.377
132.558 159.385
132.944 167.655
120.36 170.999
108.547 166.578
