85.1066 92.8582
92.2817 89.501
100.146 90.5126
107.303 94.0061
114.091 97.5182
144.702 98.3837
149.091 94.685
153.785 90.6125
159.424 88.5418
164.491 90.0648
129.547 114.413
130.37 123.529
131.201 133.014
131.602 142.588
117.377 143.645
123.001 146.351
129.491 147.764
133.945 146.43
137.238 143.502
97.0985 114.542
101.526 114.803
106.803 115.198
111.696 115.5
106.599 116.526
101.366 116.008
139.423 114.471
144.328 113.481
149.127 113.304
153.234 113.436
149.262 114.448
144.454 114.799
101.611 155.492
109.893 154.058
118.295 154.171
126.941 155.467
131.92 154.417
136.846 153.564
141.099 154.726
138.429 164.712
132.947 172.068
124.119 175.065
113.136 172.864
105.989 165.4
114.69 156.641
126.397 157.259
133.23 156.79
133.604 163.993
125.53 167.087
113.393 164.01
