85.1499 90.5172
92.3074 87.1751
100.127 88.4257
107.434 91.7
114.305 95.0049
144.705 96.914
149.483 93.1179
154.666 89.5086
160.687 87.3098
166.142 89.1671
129.052 113.567
129.604 122.981
130.122 132.614
130.49 142.172
116.353 142.012
121.751 145.679
128.289 147.511
133.077 145.894
136.884 142.418
96.3439 112.694
100.982 113.343
106.196 113.76
111.218 114.109
105.923 115.055
100.777 114.328
139.966 114.649
145.495 113.92
150.583 113.506
154.991 113.379
150.716 114.794
145.448 115.227
100.664 155.886
109.087 153.863
117.937 153.804
126.718 154.687
132.558 153.869
138.553 153.204
143.517 155.074
140.493 166.646
134.473 175.169
124.317 178.785
112.323 176.257
104.74 167.247
113.817 155.976
126.27 156.204
134.801 155.903
135.525 166.318
125.098 171.063
111.658 166.81
