85.6143 103.833
89.388 99.9218
95.1184 97.6353
101.425 97.47
107.625 98.3446
135.199 98.9006
139.496 97.1049
144.507 96.112
149.438 96.4876
153.376 99.1266
123.576 111.58
124.658 117.656
125.74 123.758
126.769 129.816
117.873 139.45
122.435 139.434
126.684 139.227
130.064 138.579
132.904 137.348
93.5545 117.825
99.0509 113.476
105.032 112.729
109.716 116.296
105.249 119.179
99.4609 119.06
133.227 115.178
138.145 111.13
143.89 110.476
147.703 113.805
144.352 116.951
138.503 116.8
110.572 162.004
113.222 154.528
118.812 149
126.845 147.576
133.777 147.057
139.384 151.702
140.06 159.052
140.072 168.189
136.098 176.502
127.984 179.876
119.006 179.053
112.484 171.719
116.236 153.809
126.676 150.232
135.626 151.838
136.096 168.877
127.385 174.276
116.96 171.755
