83.9397 90.3436
91.6544 87.9532
99.6123 88.9206
106.882 92.242
113.372 95.4182
146.68 95.8922
150.761 92.5421
155.082 88.9867
160.186 86.6636
165.064 87.1458
130.639 112.642
132.209 122.354
133.507 132.206
134.208 142.1
117.377 143.739
123.426 146.632
130.442 148.222
135.104 147.083
138.565 144.255
95.3563 112.817
100.572 113.765
106.421 114.336
111.544 113.839
105.917 115.203
100.143 114.811
140.464 112.174
145.653 111.702
150.641 111.815
154.339 111.561
150.505 112.414
145.742 112.921
99.9972 154.532
109.093 153.879
117.896 153.884
126.794 154.963
131.96 154.211
136.793 153.62
141.038 154.363
138.407 163.83
132.732 170.332
124.17 173.166
112.97 171.157
105.424 164.067
113.853 155.733
126.253 156.412
133.369 155.847
133.636 162.925
125.505 165.958
112.764 163.429
