80.3777 86.0442
86.2171 82.697
93.2254 83.9356
99.7526 86.9783
105.842 90.525
139.472 91.4771
147.352 89.399
155.211 87.7807
162.988 88.7127
168.957 93.7183
122.497 110.9
121.871 121.494
121.187 132.846
120.448 143.92
109.244 143.166
113.779 147.1
119.919 149.329
127.324 147.865
133.259 144.547
92.1967 108.771
96.9658 110.179
102.537 110.747
108.153 111.24
102.315 112.327
96.4808 111.353
138.24 113.585
144.604 113.629
150.471 113.847
155.612 113.667
150.432 115.37
144.478 115.038
99.6584 155.138
107.296 155.611
114.241 156.877
120.99 158.909
128.861 157.918
136.771 156.512
144.805 156.09
138.792 165.298
130.616 171.587
120.328 173.442
110.461 171.347
103.9 164.459
110.996 160.365
120.587 162.899
132.112 161.031
132.671 163.637
120.389 164.983
110.353 162.23
