83.2813 100.901
87.0307 95.0042
93.104 92.6659
99.5465 92.8527
105.809 94.7651
137.816 94.5784
141.642 92.1459
146.419 90.7227
151.256 91.5994
154.045 95.5842
124.169 108.825
125.696 115.26
127.302 121.641
128.73 128.117
118.281 138.868
123.038 139.105
128.058 138.922
131.601 138.349
134.469 136.988
91.6594 117.253
98.2131 112.35
105.361 111.552
109.636 115.709
104.918 118.646
98.5625 118.902
134.82 114.628
139.934 110.177
146.434 109.267
150.89 113.735
146.377 116.782
140.371 116.597
110.353 160.702
114.53 154.026
120.389 148.657
128.348 147.557
134.907 147.189
140.796 150.673
143.456 156.713
142.442 164.16
137.532 170.601
130.103 172.354
121.515 172.124
114.212 167.727
117.839 153.743
128.495 151.359
137.071 152.224
138.217 162.804
129.509 165.058
118.474 164.263
