81.1499 102.418
84.683 99.5736
89.1432 99.1783
94.1217 99.3831
99.4714 101.219
126.771 95.907
135.499 89.1278
145.819 85.213
156.654 85.4476
166.526 90.8754
115.86 114.207
115.033 124.175
113.898 134.312
112.534 144.63
112.456 158.204
116.615 158.099
121.949 157.264
128.822 155.716
135.097 153.601
92.052 124.811
95.1093 117.588
103.08 116.439
111.201 120.783
104.509 123.407
97.1728 125.376
139.248 115.075
143.751 107.441
152.525 105.288
161.358 109.841
154.439 113.478
145.943 115.53
113.246 182.739
114.241 176.613
118.592 171.833
125.201 170.695
135.609 168.494
145.876 170.276
155.924 173.327
150.254 181.883
142.235 188.672
131.81 193.005
123.57 193.096
116.872 189.164
118.613 177.516
126.257 174.911
141.351 172.761
143.636 179.915
129.566 184.831
120.576 184.84
