80.1101 100.447
83.9351 97.3675
88.9151 97.2234
93.9983 97.7203
99.245 99.8901
127.037 93.7368
137.125 86.5924
148.793 82.6835
160.66 83.8581
171.232 90.447
116.57 112.67
115.278 122.968
113.766 132.981
112.114 143.08
110.948 159.586
115.909 159.872
121.772 158.936
129.616 156.919
136.656 153.95
91.5648 124.734
95.021 117.203
103.264 116.063
111.882 120.533
104.763 123.737
97.3063 125.496
140.658 114.947
145.323 106.806
154.22 104.74
163.568 108.887
156.49 112.945
147.757 115.304
113.076 184.861
113.872 178.168
118.443 173.206
125.477 171.731
136.641 169.682
147.582 171.145
158.232 174.185
152.168 182.871
143.191 189.52
132.285 193.419
124.088 193.862
116.918 190.49
118.56 179.566
126.507 176.516
142.892 174.437
144.85 179.697
129.788 184.305
120.752 184.804
