93.9459 108.602
95.9485 105.134
99.3281 103.545
103.307 102.948
107.431 103.751
124.827 98.8595
130.442 93.7989
137.34 90.2571
145.059 89.7987
152.116 93.2105
118.985 112.235
118.705 118.824
118.348 125.556
118.047 132.313
119.444 142.127
122.384 141.913
125.589 141.12
130.254 139.295
134.358 137.255
103.47 122.676
105.177 117.288
110.814 115.738
116.355 118.24
111.985 120.233
107.313 122.091
134.487 112.402
136.956 106.941
142.661 104.818
148.706 107.206
144.296 109.561
139.214 111.511
121.958 160.686
121.198 155.789
123.444 151.009
128.738 149.458
136.204 147.217
144.004 148.487
151.168 151.33
149.083 159.011
143.519 164.669
135.962 168.189
129.569 168.783
124.389 166.016
123.63 155.662
129.58 152.404
141.209 150.068
145.183 158.303
134.62 163.148
127.054 163.352
