84.2566 102.779
86.054 97.1563
90.0953 93.7208
94.9852 92.8504
100.374 93.6124
129.309 89.4996
138.124 85.6786
147.794 84.368
156.72 88.2221
162.922 95.8914
116.138 111.393
114.738 119.048
113.076 126.517
111.389 134.059
109.8 147.669
113.86 147.445
118.368 147.043
124.86 145.856
130.746 144.356
94.2007 119.506
97.2541 113.558
103.55 112.981
109.45 117.391
103.965 119.414
98.1826 120.737
136.418 112.919
140.866 106.885
147.646 105.816
154.543 110.264
148.727 112.978
142.238 113.466
108.177 171.511
109.858 164.912
114.114 160.016
120.423 159.079
130.278 157.124
139.8 159.498
148.251 163.529
141.38 168.907
133.044 173.416
123.948 176.03
117.886 176.642
111.906 175.315
115.001 166.038
121.317 164.145
133.195 162.287
133.706 167.498
122.333 170.492
115.754 171.219
