83.6035 98.4568
85.6613 92.4816
90.2594 89.3291
95.6265 89.0095
101.365 90.4587
129.976 86.6746
140.26 82.3709
151.461 80.9742
161.855 85.4995
168.901 94.2579
116.621 109.633
114.854 116.966
112.859 124.003
110.76 131.359
108.956 148.692
113.323 148.082
118.174 147.511
124.728 146.467
131.456 145.023
93.927 117.969
97.0808 111.977
103.575 111.401
109.953 115.707
104.123 117.423
98.1633 118.739
138.452 112.443
143.329 105.676
150.306 104.642
157.949 108.994
151.59 111.684
144.811 112.258
106.988 174.691
108.318 167.677
112.378 161.897
119.472 160.48
130.005 159.001
140.088 162.264
148.962 167.231
141.566 172.283
132.661 176.267
123.08 178.976
116.717 179.666
110.757 178.465
114.026 168.599
120.7 166.273
132.693 164.727
133.325 170.841
121.878 173.743
115.185 174.313
