84.4563 101.246
87.0447 96.8221
91.0845 94.4099
95.8122 94.278
100.778 95.4599
125.601 91.6384
133.968 87.9117
143.214 86.5492
151.585 90.0631
157.394 96.8556
113.629 111.018
112.254 117.354
110.712 123.721
108.971 130.296
107.36 144.655
111.009 144.072
115.073 143.62
120.824 142.699
126.364 141.553
92.8509 118.731
95.9056 113.481
101.605 112.927
107.093 116.715
101.948 118.404
96.5826 119.54
131.971 113.107
136.133 107.358
142.203 106.567
148.87 110.787
143.302 112.963
137.283 113.278
105.888 166.547
107.286 160.602
110.709 155.634
116.633 154.619
125.383 153.419
133.769 156.292
141.424 160.54
135.203 164.975
127.793 168.544
119.51 170.791
113.926 171.188
108.876 169.932
111.947 161.464
117.709 159.162
128.351 158.298
128.513 163.06
118.266 165.79
112.421 166.104
