79.6202 113.125
86.064 108.926
92.451 105.445
98.8832 101.927
105.743 100.535
128.267 97.4512
133.222 97.7925
137.487 98.417
141.824 99.353
145.659 100.97
121.79 108.131
125.331 113.159
128.687 118.065
131.965 123.214
119.682 137.005
125.154 136.844
130.884 136.229
134.088 135.344
136.815 133.891
90.4559 119.687
95.6103 117.708
100.22 115.807
105.058 114.525
100.498 116.22
95.5898 117.962
131.296 111.341
136.059 111.185
140.149 111.626
144.024 112.289
139.878 112.255
135.566 111.656
111.204 162.85
115.097 153.647
122.479 147.082
131.812 143.695
138.871 143.188
143.586 147.828
145.451 154.467
145.186 160.224
142.798 166.159
136.153 169.046
126.676 170.288
118.02 167.76
119.839 151.927
131.549 147.366
139.836 147.157
142.484 159.878
135.071 163.097
122.631 164.409
