76.5442 113.639
82.9737 108.167
90.3743 104.746
98.2614 102.842
105.957 102.927
129.53 97.997
135.686 95.388
142.18 93.2582
149.307 93.6561
155.608 95.986
118.983 105.882
121.421 112.147
123.815 118.256
126.159 124.318
118.419 137.049
122.788 137.52
127.416 136.699
131.713 135.536
134.856 133.692
88.7095 120.204
93.8447 118.149
98.4223 116.231
102.735 114.298
98.5298 116.812
93.7854 118.555
135.075 108.089
140.08 108.104
144.886 108.02
149.129 108.491
144.778 108.735
140.063 108.731
112.868 162.888
116.595 155.471
122.812 149.571
130.752 146.742
138.366 145.573
145.254 148.706
149.934 153.915
148.624 160.466
143.238 165.654
135.797 167.709
127.312 169.47
118.806 167.471
121.86 154.458
130.989 150.703
140.008 150.573
141.806 158.626
133.958 160.769
124.405 162.551
