84.3651 101.931
92.0495 99.0035
100.135 97.7039
108.097 97.8142
115.894 99.2012
133.265 101.095
138.287 101.174
143.31 101.407
148.521 102.29
153.234 105.208
127.123 106.164
129.172 113.044
131.366 119.705
133.355 126.818
118.482 137.151
123.337 138.494
128.513 138.997
131.878 138.842
134.744 137.966
93.6076 110.572
98.9229 109.363
104.18 108.832
109.386 109.233
104.134 110.745
98.7918 111.075
135.249 112.005
139.874 112.185
144.992 113.261
149.07 115.738
144.54 115.07
139.645 114.076
105.518 156.991
112.366 151.749
120.124 148.192
128.786 148.241
134.899 148.473
139.479 152.441
141.226 158.129
139.262 163.699
133.933 167.404
127.383 167.59
118.675 166.584
111.1 162.418
116.471 152.805
127.839 152.139
135.061 152.959
134.949 160.428
127.671 160.974
116.306 159.807
