81.4246 105.801
88.2903 101.686
96.1737 100.062
103.917 99.7677
111.914 100.106
132.855 99.1608
137.769 98.6827
142.694 98.1235
147.739 98.8153
152.212 101.604
124.828 105.292
127.195 112.641
129.565 119.793
131.807 127.255
117.843 137.852
122.777 139.023
128.078 139.188
131.597 138.779
134.455 137.719
91.5116 112.591
96.9764 110.579
102.578 109.786
107.74 110.215
102.5 112.092
96.9746 112.6
133.744 109.652
138.798 109.071
144.302 109.581
148.654 111.561
144.123 111.724
138.883 111.223
107.06 158.672
113.293 153.264
120.472 149.623
128.795 149.029
134.023 148.681
138.553 151.749
140.562 157.045
139.807 163.844
135.179 168.489
128.562 169.574
119.792 168.949
112.39 164.777
117.591 154.656
128.144 153.505
134.313 153.644
134.859 160.948
128.396 162.279
117.755 161.269
