74.6494 113.636
80.4238 108.346
87.4613 104.596
95.1946 102.42
102.968 101.632
128.99 96.7551
134.975 95.1414
140.747 93.8513
146.828 94.3995
152.437 97.5659
119.386 104.069
122.724 110.297
126.051 116.212
129.375 122.364
118.78 137.521
124.035 137.201
129.978 136.287
133.41 134.946
136.138 133.568
85.0793 117.926
90.2139 115.282
95.8538 113.311
101.48 112.63
95.9646 115.194
90.554 116.819
132.549 107.532
137.953 106.447
143.179 106.046
148.139 107.037
142.933 107.745
137.948 107.678
109.161 161.692
114.198 153.199
122.403 147.366
131.924 145.446
139.468 143.404
146.765 146.68
151.413 152.266
150.083 159.833
145.375 166.727
137.116 169.744
126.401 171.38
116.487 167.351
119.603 152.456
131.846 149.04
141.577 148.134
144.671 158.722
135.399 162.614
122.138 163.958
