78.23 114.303
83.8386 107.463
91.3929 103.746
100.057 102.064
108.933 101.807
132.251 98.8871
140.999 98.183
149.522 98.1295
157.326 101.5
163.123 108.418
124.487 106.661
126.795 112.113
129.08 117.321
131.443 122.726
122.302 140.546
127.097 140.212
132.165 139.119
135.889 138.59
138.95 138.082
88.4951 121.568
94.3819 118.411
100.985 117.076
107.548 117.441
101.508 119.147
94.7097 120.446
138.239 114.708
144.465 113.462
150.936 113.329
156.76 115.19
150.877 115.043
144.575 114.807
116.037 162.777
120.606 157.24
126.271 153.277
133.467 152.237
139.732 151.596
145.228 154.6
149.418 159.536
144.9 161.304
140.447 163.642
135.418 164.586
128.482 164.515
122.516 163.04
126.3 157.502
134.343 157.111
140.486 156.225
140.273 157.847
134.535 159.287
127.117 158.951
