79.9002 113.008
85.6306 107.954
92.5859 104.536
100.299 102.293
107.99 101.321
131.271 99.1151
138.58 98.7979
145.687 98.3755
152.45 100.363
158.358 105.096
123.578 107.174
125.453 111.839
127.231 116.278
128.927 121.127
121.196 137.624
125.47 137.389
130.106 136.768
133.728 136.57
136.794 136.708
89.7167 119.418
94.9522 117.262
100.141 115.863
105.805 115.282
100.34 117.012
94.8444 118.212
136.727 111.649
142.524 111.632
147.356 111.864
152.312 112.98
147.48 112.485
142.227 112.182
118.258 158.96
121.334 153.768
126.039 149.304
132.55 148.073
138.996 147.856
144.242 151.253
149.099 155.061
145.435 157.918
141.489 160.611
135.829 161.66
129.306 161.532
123.67 159.902
126.042 153.144
133.206 152.087
139.929 152.058
140.507 155.608
134.842 156.656
127.844 156.7
