76.6986 113.488
82.5457 107.443
90.3789 103.359
99.1044 100.852
107.998 99.0483
130.517 98.2464
138.716 98.0567
146.455 97.3495
154.251 98.9284
161.143 103.5
123.535 106.653
125.354 111.548
127.15 116.233
128.904 121.338
120.89 139.504
125.534 139.171
130.54 138.478
134.369 138.177
137.641 138.193
87.0324 120.614
92.5521 118.341
98.3241 116.693
104.628 115.927
98.7336 117.981
92.5923 119.45
137.33 112.777
143.541 112.533
149.005 112.515
154.838 113.485
149.382 113.518
143.477 113.278
118.518 160.523
121.725 155.881
126.631 152
133.144 150.855
139.371 150.465
144.485 153.948
149.065 158.157
145.401 160.78
141.465 163.452
135.901 164.567
129.118 164.05
123.486 161.836
126.504 155.519
133.735 154.722
140.035 154.843
140.391 157.909
134.844 159.085
127.938 158.452
