75.4892 113.569
82.5932 107.203
91.3751 103.804
100.647 102.937
109.738 103.703
130.514 101.739
136.979 99.3266
143.338 97.599
150.117 98.4022
156.721 101.13
121 107.237
123.264 113.555
125.537 119.605
127.958 125.986
116.797 139.535
122.505 140.594
128.545 140.322
132.716 138.949
135.836 136.696
85.9432 119.807
91.2975 117.161
97.0156 115.277
102.688 115.094
97.268 116.903
91.5696 118.428
135.827 111.355
140.9 110.425
146.614 110.031
152.078 111.272
146.907 111.739
141.24 111.822
106.569 166.159
111.919 158.688
120.459 152.836
130.63 150.67
138.291 149.361
145.71 152.674
149.775 158.627
147.825 165.198
142.112 170.173
133.986 172.438
123.364 174.281
113.476 171.539
118.297 157.747
130.744 154.51
139.9 153.644
141.36 163.848
132.544 166.404
119.976 167.822
