74.2495 112.198
81.1277 106.084
90.0565 102.775
99.5151 101.688
108.942 101.815
130.539 100.109
137.41 97.932
144.315 96.5989
151.051 97.1792
157.381 100.029
120.777 106.535
123.137 112.864
125.561 118.819
128.129 125.36
116.351 139.914
121.985 140.514
128.15 140.443
132.418 138.895
135.944 136.898
84.623 119.322
89.9746 117.064
95.917 114.928
101.813 114.595
96.188 116.155
90.326 117.659
136.058 111.053
141.448 109.91
147.231 109.668
152.556 110.642
147.116 110.661
141.62 110.635
102.763 169.743
108.931 160.188
118.893 152.982
130.53 150.253
139.677 148.934
147.665 153.54
151.33 160.765
149.766 169.206
144.796 177.253
134.46 180.765
121.429 181.803
110.885 176.76
115.813 158.259
130.662 154.352
141.456 153.695
144.971 170.715
133.795 175.448
117.785 175.504
