77.4068 113.393
83.4295 107.787
91.2112 104.085
99.8722 102.741
108.858 102.813
130.312 100.908
136.75 98.9072
143.09 97.4333
149.429 98.1676
155.195 100.457
121.162 106.868
123.33 112.643
125.482 118.42
127.821 124.607
116.958 138.331
122.199 138.562
128.169 138.318
132.346 136.882
135.9 135.11
87.4339 118.62
92.5527 116.917
98.1076 115.154
103.603 114.758
98.0374 116.272
92.603 117.495
135.646 110.731
140.54 109.82
146.02 109.61
151.026 110.247
145.673 110.345
140.651 110.337
105.946 166.615
110.513 157.471
119.356 150.571
130.165 147.393
138.788 146.201
146.695 150.621
150.045 158.042
149.236 166.191
144.868 174.259
135.289 177.774
122.946 179.11
112.955 173.789
117.066 155.398
130.584 151.316
140.818 150.553
144.707 168.053
134.228 172.716
119.387 173.078
