75.0557 113.343
82.4132 106.747
91.5259 103.341
101.05 102.414
110.437 103.252
129.505 101.726
136.262 99.0205
143.18 97.1791
150.407 97.7952
156.992 100.718
120.798 106.501
123.342 112.979
125.77 119.242
128.304 125.897
116.71 139.284
122.478 140.191
128.673 139.846
132.936 138.563
136.154 136.529
85.7376 119.699
91.0211 116.688
96.8576 114.809
102.697 115.234
97.1112 116.922
91.3472 118.229
135.911 111.185
141.034 109.902
146.624 109.314
151.937 110.84
146.762 111.195
141.302 111.392
105.798 166.432
111.594 158.802
120.227 152.509
130.672 149.902
138.751 148.862
146.244 152.53
150.62 158.294
149.008 165.345
143.511 171.12
134.952 173.521
123.643 175.326
113.295 172.109
118.282 157.227
130.854 153.882
140.53 153.206
142.763 164.809
133.471 167.711
120.289 169.055
