76.4146 119.345
80.1371 112.029
86.7765 107.293
94.743 105.135
102.808 103.885
122.216 96.0018
130.29 91.6612
138.701 89.0645
147.756 89.259
156.457 91.9611
113.183 108.012
114.608 116.536
116.14 124.522
117.971 132.624
112.601 143.367
117.144 143.541
121.974 142.821
128.067 140.162
133.309 136.595
86.6211 123.923
91.2905 119.481
97.2432 116.73
102.982 117.534
98.143 120.537
92.4763 122.635
131.835 108.539
137.48 104.688
144.49 102.623
151.305 103.195
145.379 106.173
138.484 107.967
108.023 168.079
112.953 161.496
119.449 156.129
127.527 153.455
136.217 150.304
145.694 149.988
154.18 152.503
150.372 159.968
143.14 166.194
133.792 170.304
124.345 172.944
115.241 172.08
119.003 161.002
128.84 157.226
139.976 153.546
141.938 159.535
131.104 164.102
120.502 166.938
