77.5449 118.107
81.9529 112.315
87.8923 108.373
94.9413 106.24
102.042 104.651
123.273 96.7066
130.797 93.2228
138.441 90.902
146.403 90.9925
154.223 92.7613
113.958 110.04
114.929 118.279
116.011 125.996
117.381 133.951
113.304 145.034
117.384 145.433
121.982 144.684
127.53 142.141
132.516 138.602
87.2265 124.081
91.7706 119.443
97.5067 116.58
103.035 118.541
98.646 121.832
93.0505 123.636
131.646 110.003
136.94 105.714
143.818 103.74
150.56 104.717
144.865 108.21
138.067 109.971
107.92 168.205
112.724 162.052
119.181 156.984
127.155 154.622
135.286 151.347
144.433 151.103
152.933 153.437
149.476 161.012
142.656 167.547
133.708 171.901
124.041 174.388
114.903 172.743
118.645 161.834
128.386 158.206
139.492 154.195
142.247 160.717
131.177 165.58
120.157 168.141
