80.5049 116.689
85.0594 110.685
91.4109 106.787
98.7799 104.829
106.299 103.437
126.81 98.1923
134.199 94.5045
141.884 92.2472
149.812 92.2966
157.723 94.1337
118.212 109.656
119.717 117.977
121.3 126.289
123.276 134.738
117.9 144.589
122.07 145.266
126.784 144.6
131.699 142.258
136.054 138.921
90.9478 121.959
95.6975 117.168
101.628 114.729
107.044 116.473
102.446 119.929
96.469 121.513
135.737 110.001
140.825 105.997
147.794 104.065
154.405 105.646
148.669 108.73
141.809 110.21
110.99 166.699
116.195 160.973
122.456 156.416
130.749 154.429
138.99 151.179
147.593 151.227
155.333 153.496
152.198 161.405
146.019 168.672
137.023 173.221
126.886 174.936
117.993 171.803
122.344 161.307
132.021 158.092
142.523 154.53
145.559 162.327
134.803 167.838
123.428 169.345
