80.5679 117.715
84.6221 111.782
90.8902 107.763
98.0235 105.663
105.514 104.044
123.226 98.7902
130.221 95.173
137.671 92.8452
145.409 92.6364
152.967 94.4779
115.902 110.126
117.419 117.742
119.009 125.476
120.9 133.412
114.591 142.777
119.027 143.617
123.801 143.04
128.95 140.521
133.361 136.849
90.3435 121.962
94.7622 118.137
100.021 115.799
104.978 116.552
100.634 119.38
95.4251 121.119
132.024 109.463
136.868 106.272
143.113 104.551
149.181 105.471
143.846 108.331
137.724 109.667
109.776 163.52
114.731 158.484
120.556 154.37
127.807 152.312
135.388 149.704
143.497 149.291
151.013 150.552
147.753 158.139
141.959 164.625
133.699 168.927
124.525 170.582
116.323 168.284
119.881 158.838
129.02 155.567
139.145 152.494
141.235 158.356
131.334 163.325
121.009 164.872
