81.7803 114.475
86.3492 109.126
92.569 105.47
99.5953 104.102
106.596 103.631
126.769 98.4766
133.964 95.3238
141.495 93.6502
149.396 94.257
156.842 97.3077
117.994 109.018
119.523 117.353
121.179 125.561
123.213 134.037
116.061 142.281
120.395 143.486
125.096 143.111
130.46 140.914
134.817 137.416
90.7977 120.384
95.7261 116.44
101.828 114.654
106.976 116.17
102.184 118.713
96.3685 120.043
133.892 110.059
138.627 106.451
145.224 105.231
151.061 106.862
145.81 109.194
139.647 110.255
109.349 162.815
114.425 157.879
120.812 154.282
128.446 152.579
136.147 150.301
144.05 150.264
151.507 152.32
147.889 159.636
141.925 165.901
133.158 169.77
123.812 171.146
115.649 168.112
119.677 158.269
129.251 155.718
139.431 152.882
141.776 159.581
131.518 164.012
120.735 165.192
