81.4179 113.992
86.0834 108.438
92.2424 104.497
99.3956 102.952
106.563 102.236
125.94 97.4466
133.078 94.1193
140.667 92.3339
148.719 93.2308
156.237 96.4349
117.733 108.483
119.309 116.613
120.823 124.621
122.72 133.046
115.791 141.446
120.124 142.709
124.972 142.424
130.495 140.01
134.953 136.589
90.4197 120.185
95.3458 115.807
101.551 113.985
106.81 115.735
101.889 118.309
96.0248 119.747
134.029 109.54
138.822 105.51
145.457 104.268
151.386 106.493
145.825 108.592
139.779 109.551
109.07 162.756
114.232 157.461
120.657 153.456
128.475 151.51
136.406 149.193
144.531 149.406
151.874 152.105
148.605 159.492
142.564 165.877
133.831 169.789
124.206 171.179
115.605 168.173
119.666 157.335
129.241 154.363
139.688 151.769
142.095 159.816
131.863 164.361
121.03 165.571
