78.5099 119.9
82.9667 112.417
90.0616 107.194
98.441 105.225
107.15 104.278
125.302 97.2755
133.168 93.7483
141.197 90.5414
149.806 90.1042
158.091 92.3458
117.7 106.217
119.638 112.471
121.464 118.579
123.291 124.517
118.801 139.772
122.651 139.872
126.68 138.871
131.064 136.972
134.378 134.511
89.7631 122.706
94.4714 119.725
99.3868 117.124
104.492 115.373
99.8148 118.124
94.6339 120.384
134.915 106.231
140.765 105.608
145.862 104.358
150.934 103.772
145.702 105.547
140.201 106.26
117.017 162.025
119.155 156.002
123.484 150.384
130.332 147.49
137.113 145.592
144.808 146.387
151.436 148.945
148.758 155.015
143.597 159.963
136.673 162.468
129.48 164.509
122.651 164.007
125.217 154.981
131.686 151.666
139.348 149.619
140.497 152.552
133.521 155.482
126.747 157.793
