78.871 118.375
83.8463 111.792
90.6709 107.256
98.531 104.492
106.376 103.057
129.411 96.6124
135.304 94.2417
141.043 92.4452
147.357 92.5206
153.221 95.4688
120.818 104.264
124.449 109.697
127.941 114.794
131.65 119.943
122.783 136.648
128.105 136.027
133.619 134.662
137.572 133.333
140.561 131.853
89.3639 122.236
93.9061 118.879
98.9498 116.741
104.033 116.198
99.3124 118.381
94.2105 120.36
134.948 107.544
139.645 105.766
144.586 104.918
149.443 106.262
144.625 106.659
139.935 107.135
115.103 161.9
121.136 155.174
128.547 148.896
137.338 145.715
144.236 143.589
151.146 145.679
156.62 149.377
155.59 155.643
150.663 160.557
143.343 163.132
133.281 166.22
123.139 165.635
127.066 154.318
138.226 149.903
146.672 148.276
148.837 154.402
141.229 157.386
129.145 160.441
