82.1521 113.91
86.906 107.777
92.9007 102.989
100.183 99.7191
107.922 97.3294
129.173 97.0101
135.992 96.0982
142.756 95.1837
149.627 97.028
155.647 100.963
120.853 104.788
123.203 109.306
125.649 113.335
128.19 117.873
120.158 135.896
125.163 134.989
130.224 134.081
134.291 133.319
137.789 132.852
91.1495 121.648
95.7499 118.452
100.992 116.444
105.872 117.229
101.01 118.428
95.9364 119.974
136.772 112.08
141.467 110.714
146.449 110.354
151.485 112.051
146.573 111.994
141.656 112.138
110.149 162.645
115.18 154.791
122.271 147.903
131.718 144.325
140.235 143.503
147.757 147.949
153.675 153.576
150.797 159.441
144.659 163.574
136.695 165.514
126.944 167.111
117.505 166.385
120.619 152.969
132.013 148.057
141.977 148.268
143.903 158.351
135.461 160.578
123.484 162.338
