83.1872 102.084
90.227 97.1969
98.6876 94.9978
107.38 95.8874
115.995 99.1141
137.168 102.943
143.197 101.521
149.296 101.923
155.322 103.855
160.054 108.347
127.084 109.867
127.699 116.985
128.427 124.015
129.199 131.365
114.836 139.022
120.239 141.33
125.834 142.434
130.337 142.218
134.504 140.745
92.5915 110.736
98.381 109.607
104.441 109.614
109.447 111.371
104.023 111.29
98.2638 111.224
137.283 115.198
142.318 114.352
148.228 115.159
153.225 118.431
147.75 117.671
142.357 116.832
96.3393 155.553
105.331 152.324
114.639 150.789
124.094 151.629
131.064 151.962
137.302 155.031
142.148 160.226
137.63 165.345
130.932 168.462
123.164 168.692
112.468 167.33
103.468 162.379
111.306 154.035
123.929 154.484
132.869 156.05
132.851 162.88
123.301 163.8
110.029 161.296
