81.2684 100.384
88.6698 95.5137
97.4581 93.2548
106.443 94.4943
115.119 97.987
138.273 102.067
144 100.53
150.081 100.614
156.15 102.299
161 106.699
127.037 109.11
127.677 116.46
128.499 123.874
129.542 131.643
115.047 140.031
120.345 142.075
126.015 143.023
130.305 142.771
134.315 141.561
91.0195 109.887
97.4217 108.247
103.98 108.245
109.174 110.444
103.588 110.431
97.2416 110.396
137.315 114.445
143.019 112.91
149.365 113.718
154.918 117.642
149.014 116.863
143.086 115.959
94.4415 156.529
104.277 153.44
114.177 152.027
124.167 153.087
131.3 153
137.905 156.02
142.535 161.652
137.997 167.698
130.867 171.69
122.26 172.069
110.852 170.378
101.333 164.517
110.591 155.448
123.69 155.693
132.706 157.257
132.762 165.174
122.818 166.297
108.861 163.592
