82.7587 101.116
89.9821 95.621
98.8388 93.3575
107.958 94.9357
117.018 98.5188
139.805 102.44
145.799 100.997
151.994 101.289
158.095 103.358
162.579 107.976
129.203 108.846
129.798 116.976
130.452 124.905
131.142 132.838
117.577 140.704
122.336 142.065
127.308 142.909
130.969 143.343
134.83 142.975
93.1481 110.201
99.3349 108.382
105.574 108.342
110.952 110.842
105.192 111.081
99.2197 111.109
139.284 114.66
144.849 113.438
151.126 114.497
155.868 118.779
150.124 117.837
144.531 116.919
102.248 161.424
109.542 156.844
117.902 153.52
126.842 154.417
133.609 154.445
139.228 159.083
142.169 165.744
138.681 171.471
132.138 174.761
124.402 175.109
115.04 173.712
107.185 168.84
115.424 158.568
126.355 158.388
133.852 160.222
133.258 167.138
125.493 167.778
114.532 165.728
