81.3786 100.351
88.7753 94.7795
97.9827 92.485
107.397 93.8124
116.74 97.002
139.946 101.329
146.581 100.269
153.148 100.656
159.428 103.08
164.169 107.937
128.392 108.909
129.13 117.151
129.772 125.208
130.368 133.236
116.403 140.824
121.47 142.88
126.714 144.113
130.831 144.263
134.976 143.131
91.8736 109.872
98.057 108.304
104.336 108.202
109.802 110.236
104.135 110.512
98.1701 110.517
139.126 114.531
144.668 113.481
151.049 114.52
156.142 118.396
150.417 117.532
144.596 116.575
102.016 160.919
109.737 157
118.147 154.537
126.748 155.075
133.655 155.186
139.547 159.174
143.418 164.99
138.792 170.151
132.151 172.653
124.576 172.724
115.447 171.504
107.677 167.366
115.913 158.8
126.159 158.704
133.712 160.377
133.025 164.925
125.452 165.186
115.292 163.607
