81.0667 100.635
88.5153 95.3013
97.7303 93.0356
107.163 94.3913
116.408 98.0583
138.906 101.84
145.138 100.266
151.467 100.53
157.746 102.922
162.468 107.507
128.02 108.561
128.76 116.325
129.77 124.01
130.855 131.718
115.84 140.541
121.396 142.456
127.033 143.38
131.141 143.546
135.108 142.494
91.274 109.842
97.5927 108.035
104.248 107.991
109.456 110.633
103.855 110.866
97.6226 110.846
138.166 114.697
143.797 112.996
150.477 113.625
155.786 117.702
149.884 117.565
143.853 116.686
98.288 160.814
106.869 156.788
116.294 154.191
126.009 155.274
132.98 155.085
139.229 159.129
143.143 165.272
139.088 170.916
132.128 173.822
124.305 173.751
114.104 172.668
105.054 167.931
113.741 158.555
125.662 158.864
133.458 160.359
133.105 166.871
125.211 166.874
113.139 165.223
