81.0783 101.27
88.3999 95.8418
97.5639 93.3605
106.93 94.7154
116.042 98.4076
138.411 102.101
144.562 100.559
151.027 100.785
157.415 103.114
162.459 107.593
127.874 109.05
128.525 117.016
129.466 124.764
130.468 132.693
116.189 141.265
121.639 142.825
127.077 143.601
130.984 143.789
134.765 142.967
90.8659 110.651
97.1436 108.42
103.891 108.524
109.242 111.296
103.502 111.606
97.2394 111.591
138.328 115.337
143.766 113.473
150.314 114.311
155.658 118.542
149.773 118.071
143.846 117.213
98.2225 161.646
106.848 157.283
116.192 154.545
125.976 155.705
132.89 155.372
139.171 159.472
143.334 165.873
139.049 171.41
131.99 174.185
124.243 174.116
114.035 173.146
104.953 168.6
113.666 158.954
125.614 159.029
133.283 160.477
132.929 167.095
124.996 167.324
112.863 165.716
