81.8209 101.272
88.8684 95.7108
97.7346 93.0933
107.01 94.2436
116.186 97.6507
139.363 101.839
145.33 100.43
151.469 100.694
157.495 102.862
162.362 107.016
128.546 108.519
129.193 116.386
130.066 124.092
131.089 131.91
117.226 140.73
122.233 142.383
127.392 143.21
131.299 143.454
135.211 142.757
91.7561 110.341
97.9138 108.164
104.56 108.014
109.769 110.793
104.222 111.162
98.0695 111.292
138.707 115.244
144.3 113.315
150.837 114.117
156.144 118.373
150.277 118.307
144.187 117.371
99.0776 160.488
107.725 156.495
117.035 153.747
126.579 154.704
133.6 154.585
139.57 158.69
143.41 164.975
139.27 170.287
132.511 172.94
124.879 172.897
114.809 171.862
105.808 167.476
114.207 158.412
126.217 158.585
134.254 159.989
133.641 165.701
125.604 166.108
113.624 164.418
