77.8563 102.816
84.8599 96.1058
93.8705 93.0688
103.223 93.8926
112.403 96.9265
136.739 99.3666
143.072 97.3741
149.711 97.1993
156.216 99.6659
160.793 105.017
125.804 109.226
127.517 117.115
129.535 124.768
131.463 132.584
116.948 142.157
122.689 143.145
128.399 143.643
132.304 143.563
136.037 142.855
90.695 115.102
96.1609 112.191
102.049 111.656
107.496 113.936
102.186 114.672
96.5145 114.962
136.679 115.361
141.667 113.249
147.627 113.609
152.663 117.023
147.283 117.192
141.69 116.612
102.726 164.159
110.027 158.371
118.735 154.212
128.086 154.399
135.21 153.683
141.57 157.981
144.855 164.511
141.249 170.107
135.042 173.877
127.716 174.724
117.945 174.92
109.126 170.648
116.53 159.468
127.999 158.555
135.658 159.521
135.33 165.622
127.766 166.451
116.458 166.309
