79.8816 102.801
86.7773 95.7089
96.3131 92.5597
106.824 93.7113
116.521 97.1322
137.691 100.235
144.81 97.4254
152.655 96.836
159.81 99.1908
164.579 104.737
127.925 109.874
129.099 117.064
130.41 124.566
131.51 132.349
116.314 140.88
122.721 142.465
128.978 143.098
133.121 142.859
137.38 141.644
93.2849 114.86
98.7958 113.359
104.371 113.049
109.476 113.895
104.188 114.716
98.4318 114.972
139.3 115.788
143.972 115.04
149.444 115.86
154.747 118.364
149.496 117.721
143.985 116.763
100.786 167.903
105.631 156.755
116.046 151.645
127.634 151.383
136.554 151.389
143.586 157.335
143.998 167.494
141.495 178.1
135.979 187.745
125.13 191.317
112.599 189.309
104.568 179.711
112.706 156.304
127.327 155.126
137.442 156.807
136.393 179.375
125.151 185.711
110.222 181.316
