83.8284 110.157
87.4963 104.961
93.4049 102.425
99.9453 101.774
106.47 101.793
131.879 98.5908
137.359 96.4049
142.964 95.1798
148.721 95.4644
153.783 98.4182
123.055 109.832
124.998 116.066
126.884 122.034
128.768 128.257
121.257 139.523
125.226 139.141
129.442 138.502
133.492 137.635
137.015 136.711
95.3771 120.596
100.143 118.579
104.967 117.303
109.59 116.853
105.441 119.153
100.226 120.315
135.602 112.209
140.215 110.922
145.207 110.232
149.725 110.934
145.523 111.879
140.676 112.347
114.06 159.94
118.742 154.342
124.439 150.404
131.02 148.908
137.248 147.524
143.463 148.852
148.719 152.051
146.603 158.091
141.534 162.49
134.485 164.081
126.638 165.758
119.376 163.935
123.345 154.637
131.476 152.021
139.875 150.91
141.355 156.551
133.143 158.491
124.185 160.495
