82.417 106.787
85.6754 101.527
90.7176 98.1323
96.794 96.5878
103.246 96.3881
132.147 93.042
137.725 91.7651
143.15 91.1353
148.44 92.8424
152.522 96.7664
121.834 109.516
124.191 116.237
126.427 122.605
128.776 129.186
120.446 140.873
124.746 140.955
129.489 140.287
133.717 139.041
137.156 137.118
94.9099 121.339
99.3278 118.261
104.437 117.116
109.022 117.909
104.749 119.914
99.8086 121.185
134.986 113.471
139.179 111.104
144.174 110.251
148.934 111.848
144.612 113.236
139.707 113.721
113.042 160.071
118.24 154.957
124.231 150.682
131.424 149.633
137.232 147.692
143.204 149.053
148.595 151.382
146.248 157.58
141.088 162.116
134.605 163.9
126.603 165.61
118.894 164.125
122.779 155.743
131.725 153.153
139.912 151.434
141.244 156.183
132.793 158.645
123.271 160.293
