85.4683 105.088
89.2045 100.461
94.4149 97.7532
100.346 96.7756
106.575 96.3565
132.464 95.3317
137.722 94.6382
142.716 94.1078
147.717 94.9496
152.196 97.7557
122.844 109.346
124.925 116.496
126.882 123.284
128.798 130.263
120.598 140.945
124.745 141.094
129.34 140.516
133.635 139.377
137.086 137.471
95.644 119.852
100.23 117.465
105.114 116.7
109.367 117.677
105.398 119.574
100.368 120.435
136.182 113.955
140.191 111.504
145.159 110.734
149.975 112.292
145.814 113.962
140.848 114.293
112.55 159.991
117.907 154.982
124.109 151.102
131.355 150.261
137.137 148.598
143.016 149.853
148.452 152.158
146.526 158.83
141.239 163.51
134.266 165.339
125.915 166.953
118.13 164.872
122.503 155.753
131.58 153.599
139.706 152.129
141.055 157.046
132.691 159.49
123.14 160.677
