81.5428 113.922
85.4646 107.408
91.9125 103.534
99.432 101.821
107.04 101.613
133.185 97.9959
138.675 95.6972
144.594 94.6932
150.819 95.7358
155.995 99.4759
122.808 108.606
124.823 114.28
126.972 119.901
129.076 125.462
120.602 139.565
125.445 139.734
130.328 138.929
134.653 138.074
138.353 136.656
92.5787 120.662
97.5099 118.031
102.506 116.685
107.507 116.667
102.828 118.187
97.6758 119.508
136.18 111.926
141.046 110.249
146.58 109.654
151.425 110.98
146.619 111.427
141.359 111.874
112.382 161.294
118.201 155.677
125.2 151.426
132.98 149.904
139.492 147.882
146.163 149.75
151.675 153.461
148.276 158.563
143.057 162.189
136.248 164.163
127.292 165.737
118.988 164.453
123.479 155.464
133.511 153.077
142.177 151.7
142.857 156.773
134.592 159.308
123.969 160.71
