81.7752 115.456
85.6745 108.672
92.1296 104.656
99.8682 102.838
107.859 102.174
131.894 99.1108
137.898 96.7697
144.124 95.5603
150.687 96.4685
156.134 100.497
123.289 109.678
125.284 115.192
127.461 120.686
129.518 126.183
121.02 140.309
125.656 140.15
130.361 139.35
134.343 138.498
137.703 137.333
93.3709 120.969
98.2226 118.611
103.057 117.162
108.071 117.161
103.588 118.805
98.5103 120.097
135.814 112.617
140.717 110.892
146.066 110.286
150.832 111.406
146.223 112.128
141.063 112.635
112.514 162.152
118.635 156.555
125.509 151.959
133.243 150.088
139.676 148.379
146.127 150.335
151.451 154.018
148.201 158.913
143.172 162.682
136.37 164.626
127.456 166.361
119.175 165.119
124.185 155.994
133.876 153.608
141.629 152.351
142.447 157.537
134.898 159.74
124.712 161.345
