83.7732 101.459
89.5885 96.2086
96.7593 93.8306
104.218 93.4853
111.788 94.4555
137.753 96.2364
144.087 95.7752
150.466 96.275
156.525 98.8005
161.333 103.47
125.646 103.651
127.055 108.346
128.6 112.892
129.526 117.649
119.12 133.416
123.072 132.964
127.49 132.745
131.278 133.289
134.365 134.146
93.4856 114.81
98.5305 112.31
103.923 111.42
108.746 113.167
103.913 113.461
98.7102 113.893
138.966 115.444
144.442 114.615
149.671 114.983
153.928 117.939
149.292 117.142
144.212 116.368
105.687 155.971
111.338 149.36
119.369 145.469
128.184 144.766
135.771 145.482
141.842 150.238
145.522 156.704
141.094 159.635
134.677 160.364
127.443 159.872
119.492 159.926
111.826 158.874
116.562 149.672
127.626 147.903
136.825 149.937
135.722 156.174
127.235 155.701
116.892 155.931
