83.913 104.961
88.9702 98.3853
96.3537 94.4701
104.874 93.6668
113.185 95.229
135.415 96.8409
142.535 95.8797
149.938 96.6362
156.64 100.192
161.676 105.983
126.733 102.669
127.809 107.05
129.06 111.02
130.025 115.267
120.828 130.442
124.118 130.08
128.099 130.071
131.541 130.777
134.359 131.666
95.3951 114.325
100.115 111.72
105.336 110.877
110.428 112.435
105.229 113.357
100.176 113.835
139.61 114.42
144.88 113.737
150.008 114.318
154.187 116.856
149.845 116.671
144.645 116.134
109.028 154.598
113.337 146.635
119.74 140.653
128.582 139.27
137.059 141.465
142.202 148.14
145.086 156.111
142.484 161.782
137.207 165.779
128.735 166.214
119.759 165.033
112.958 160.58
118.611 145.615
128.515 142.282
136.696 146.177
136.183 160.42
128.768 161.876
118.949 160.515
