81.191 95.3713
88.014 91.7868
96.2169 91.7231
104.27 94.0494
112.165 97.4631
137.828 99.7284
145.045 98.8128
152.213 98.5359
159.431 99.8952
165.454 104.517
126.605 110.23
127.177 118.271
127.72 126.367
128.233 134.602
115.786 142.871
120.797 143.927
125.877 144.452
130.001 144.611
134.213 143.753
93.143 111.759
98.8505 109.708
104.74 109.896
109.642 112.651
104.453 113.501
98.6407 113.43
139.136 114.825
144.064 112.49
149.834 112.821
155.043 116.571
149.558 117.207
144.076 116.7
100.973 160.337
108.639 156.886
116.62 155.145
124.89 155.838
132.16 155.54
139.078 157.537
145.04 161.235
139.935 167.848
132.896 172.505
123.996 173.405
114.232 172.255
106.368 167.203
114.162 159.543
124.376 159.627
133.577 160.083
133.786 165.509
124.058 166.616
113.035 165.336
