100.587 95.7838
105.072 93.7824
109.848 94.8392
114.372 97.1013
118.713 100.295
139.082 103.279
145.087 101.658
151.179 101.138
156.937 102.458
161.552 106.206
125.992 111.655
124.151 117.665
122.356 123.797
120.55 130.015
114.867 133.993
117.665 135.168
120.906 136.276
125.053 136.05
129.119 135.775
103.639 107.733
107.803 106.884
112.43 107.416
117.314 108.808
112.458 109.731
107.935 109.265
138.275 113.045
142.529 113.312
147.192 114.434
151.489 115.949
147.215 116.177
142.263 115.433
106.477 147.251
110.823 144.92
116.068 144.098
121.231 145.387
127.722 145.761
133.471 148.047
138.091 152.387
132.749 155.924
126.566 157.61
119.91 157.132
113.531 155.618
108.689 152.249
115.09 146.083
121.144 147.767
129.058 148.805
128.457 153.595
120.116 153.008
113.873 151.442
