95.7019 109.078
99.0215 106.519
103.55 105.927
108.21 106.675
113.076 108.017
129.089 104.353
134.635 100.66
140.564 97.3478
146.822 96.012
153.407 96.0616
121.608 112.607
122.548 121.034
123.276 129.496
124.453 138.063
119.44 140.227
123.667 142.046
128.409 141.798
132.532 139.374
135.401 135.843
102.782 117.294
106.903 116.656
110.439 115.472
113.933 114.253
110.596 116.672
106.617 118.041
135.245 110.268
139.466 110.53
144.013 109.835
148.768 108.352
144.522 110.878
139.565 111.564
119.445 152.222
121.626 150.02
125.611 148.97
130.104 148.277
135.88 146.796
141.862 146.294
147.379 147.53
144.252 154.069
139.633 158.945
133.203 161.575
127.022 161.072
122.666 157.471
125.773 151.835
130.785 151.453
137.396 149.874
138.233 152.969
131.801 155.5
126.184 154.969
