94.163 106.741
97.7221 104.051
102.272 102.915
107.106 103.054
112.152 103.565
125.526 100.596
130.132 100.077
134.55 99.5158
139.132 100.154
143.512 102.032
119.742 106.242
120.936 110.772
122.182 115.175
123.373 119.659
116.458 126.511
119.882 127.848
123.61 128.021
126.663 127.031
129.11 125.143
100.026 111.168
103.279 109.811
106.749 109.168
109.787 109.037
106.946 110.171
103.492 110.836
128.999 108.138
131.915 107.556
135.562 107.918
138.878 108.98
135.466 108.876
132.142 108.443
112.36 141.777
114.759 136.66
119.218 132.951
124.789 132.221
130.14 131.84
134.532 134.95
136.51 139.63
135.123 144.444
131.073 148.231
125.562 148.798
119.546 148.895
114.802 146.051
117.113 136.698
124.573 134.936
131.177 135.767
131.765 143.191
125.441 143.839
117.947 143.847
