91.7382 107.231
94.2278 102.863
98.1994 100.27
103.094 99.3961
107.793 99.8279
128.675 98.5509
133.232 96.4747
138.57 94.2618
143.789 95.366
147.688 98.7693
119.759 110.763
119.848 114.848
119.808 119.162
119.849 123.442
116.499 133.966
119.252 134.762
122.333 134.594
125.662 133.825
128.588 132.217
100.029 118.309
103.282 114.353
107.949 113.921
111.817 116.647
108.18 118.944
103.739 119.413
131.099 113.84
133.866 110.041
138.828 109.098
143.704 112.03
139.757 114.912
135.161 115.18
113.045 150.601
114.691 146.887
118.061 143.622
122.561 142.962
127.715 142.007
132.512 144.096
136.525 147.147
134.053 151.229
129.658 154.14
124.341 155.447
119.65 155.657
115.299 153.963
117.515 146.996
122.767 145.191
129.819 144.737
130.666 150.466
123.743 152.081
118.305 151.818
