87.8817 105.823
93.0181 102.248
99.0394 100.363
105.509 100.687
111.612 102.6
129.629 102.16
134.43 100.371
139.756 99.4241
145.178 100.2
149.582 102.722
123.466 108.83
124.81 114.385
126.24 119.993
127.614 125.643
116.992 135.277
121.762 136.272
126.709 136.392
129.811 135.982
132.59 135.126
96.5343 115.091
100.736 112.359
105.529 112.109
109.208 114.358
105.615 116.115
101.087 116.313
133.52 114.42
137.586 112.094
142.35 112.259
145.568 115.009
141.646 116.164
137.573 115.841
109.264 158.919
112.768 151.261
118.657 145.366
126.679 143.629
133.128 143.73
137.885 149.591
138.726 157.293
138.296 164.424
133.842 169.507
127.436 170.972
119.291 170.476
112.52 166.346
115.983 150.176
126.751 147.564
134.553 149.465
134.748 163.894
127.323 166.038
116.698 165.004
