91.3184 102.622
96.1603 100.13
101.678 98.9488
107.317 98.7553
112.724 99.5364
130.349 100.382
135.244 100.021
140.306 100.478
145.47 101.328
149.427 104.38
123.268 105.381
124.247 111.542
125.347 117.484
126.518 123.149
119.248 131.985
123.033 133.293
126.602 133.62
129.466 133.289
132.258 132.473
98.6693 111.528
102.957 109.002
108.012 108.905
112.109 111.025
108.03 113.169
103.165 113.365
132.686 112.317
137.254 110.817
142.119 111.416
145.561 114.546
141.505 115.444
136.92 114.262
111.389 147.688
116.156 144.514
121.703 142.521
127.512 141.918
132.454 142.826
136.306 145.702
139.237 148.992
134.496 147.811
130.384 146.962
126.047 146.695
121.062 146.878
116.283 147.391
119.185 144.826
127.638 144.183
133.87 145.531
132.976 145.677
126.389 145.083
118.246 145.703
