85.3319 106.62
91.7189 103.345
98.4856 101.727
105.737 101.304
112.703 102.191
130.704 100.817
135.278 99.5896
140.14 99.1055
144.795 99.7635
148.397 102.08
123.877 106.031
125.869 111.438
127.923 116.833
129.935 122.122
118.87 134.236
123.313 135.172
127.793 135.289
131.154 134.89
134.079 133.917
94.5818 113.552
99.0294 110.715
103.99 109.939
108.495 111.256
104.291 113.236
99.3778 114.031
132.647 110.837
136.878 108.865
141.666 109.021
145.348 111.726
141.341 111.747
137.098 111.322
109.884 155.1
115.435 149.919
122.012 145.626
129.53 144.93
134.744 144.536
139.033 148.325
141.633 153.238
138.694 157.025
134.412 159.321
129.658 160.012
122.697 159.788
116.071 158.182
119.782 150.25
129.541 148.959
135.672 149.612
135.377 153.934
129.527 153.984
120.106 154.443
