79.3653 106.387
85.3227 101.554
92.2953 98.9867
99.721 98.4597
106.666 99.2795
128.861 97.4929
133.966 96.0216
138.831 94.8483
143.937 94.3022
148.93 96.3611
121.375 106.278
123.895 111.119
126.531 115.976
129.181 120.843
119.518 134.83
124.27 135.094
128.786 134.931
132.469 134.302
135.523 133.278
90.1341 116.597
95.5104 112.127
101.474 110.99
106.635 113.771
102.227 116.977
96.2723 118.032
131.891 110.869
136.893 107.174
143.214 106.548
147.882 110.499
143.63 112.798
137.752 112.59
111.565 156.661
116.767 150.168
123.405 145.868
130.454 144.464
136.695 144.034
142.215 146.839
146.368 151.258
144.379 156.117
139.28 158.991
133.501 159.907
125.889 160.973
117.977 159.897
120.443 150.241
130.642 147.513
138.942 147.664
140.278 154.129
132.639 155.395
121.929 156.796
