81.9827 106.356
87.8184 102.421
94.6616 100.189
101.835 99.7855
108.405 100.433
128.738 98.8317
133.895 97.1431
138.99 96.1222
144.248 96.1275
149.476 98.068
122.3 106.052
124.804 111.494
127.529 116.826
130.082 122.173
119.688 134.513
124.676 134.839
129.176 134.824
132.828 133.983
135.802 132.912
92.2982 116.14
96.9694 111.822
102.807 110.772
108.033 112.949
103.532 115.925
97.9808 116.943
132.161 111.048
136.973 107.873
143.034 107.445
147.424 111.47
143.116 113.282
137.404 112.706
111.359 155.812
116.624 149.409
123.427 145.149
130.818 144.317
136.62 143.496
141.837 146.887
145.01 151.633
143.366 156.823
138.601 160.105
132.972 161.019
125.375 161.581
117.575 159.775
120.845 149.872
130.743 147.292
138.003 148.014
139.067 154.522
132.135 155.879
121.806 156.506
