82.4878 102.34
88.8409 98.3003
96.2581 96.6409
103.675 96.8723
111.094 98.3419
134.471 97.7227
140.435 96.3135
146.471 95.8575
152.461 97.1435
157.405 100.926
123.971 107.998
125.294 115.066
126.778 122.018
127.858 129.034
116.468 139.597
120.71 141.415
125.605 141.883
129.678 141.126
133.235 139.185
91.0131 111.218
96.5647 108.038
102.569 107.578
107.694 110.121
102.548 112.125
96.9718 112.547
134.652 111.083
139.68 108.789
145.616 108.588
150.376 111.809
145.551 113.443
139.866 112.738
107.928 159.22
113.152 154.989
119.386 152.452
126.02 152.194
131.48 151.861
136.333 154.319
140.331 157.622
136.535 161.54
131.483 163.648
126.146 164.428
119.746 163.88
113.741 162.217
117.034 156.064
125.93 155.874
132.958 155.783
132.838 157.771
125.805 158.358
116.897 158.27
