85.8286 99.5645
92.4758 95.7726
100.445 95.5248
108.226 97.2574
115.92 99.1017
136.248 99.8477
142.253 97.3585
148.549 95.7738
154.978 95.7118
160.672 99.188
126.824 108.895
127.769 117.249
128.661 125.164
129.657 133.396
117.386 139.394
121.885 141.792
127.026 142.465
131.28 141.373
134.665 138.536
94.2213 109.514
99.7515 106.71
106.009 106.653
111.462 110.253
105.966 111.644
99.862 111.71
136.301 110.262
141.331 106.954
147.022 106.183
152.376 108.921
147.584 111.074
141.892 111.096
106.659 156.586
112.402 153.53
119.093 152.033
126.171 151.653
130.764 151.489
135.427 152.523
139.672 154.692
136.047 159.421
131.151 162.166
125.805 162.99
118.85 162.94
112.446 160.428
116.627 155.056
125.934 154.214
132.596 154.507
132.535 156.553
125.862 157.197
116.827 157.129
