84.5611 100.179
91.4096 96.4379
99.5667 95.9654
107.467 97.769
115.304 99.8269
135.936 100.253
142.173 97.9738
148.477 96.3252
154.973 96.0665
160.873 99.465
126.137 109.819
126.851 118.105
127.548 126.056
128.387 134.268
116.687 140.008
121.278 142.556
126.306 143.269
130.489 142.355
134.033 139.561
93.4866 109.802
99.0861 106.901
105.426 106.946
110.965 110.572
105.454 112.428
99.3146 112.539
135.652 110.472
140.702 107.001
146.287 106.331
151.416 109.364
146.658 111.658
141.082 111.618
106.789 156.44
112.139 153.712
118.33 152.471
124.897 152.371
129.35 152.099
133.976 153.178
138.333 155.23
134.448 159.508
129.672 162.214
124.545 162.918
118.104 162.85
112.239 160.097
116.177 155.332
124.799 154.747
131.136 154.856
131.068 156.67
124.53 157.224
116.177 157.039
