84.7539 99.0623
91.1579 95.2319
98.9965 95.1416
106.563 97.1727
113.796 99.5585
135.231 99.6972
141.704 97.2571
148.214 95.5014
154.85 95.6088
160.241 99.9438
124.497 110.273
124.903 118.56
125.257 126.646
125.689 134.845
114.806 138.669
119.418 141.679
124.432 142.722
128.797 141.45
132.537 138.292
93.5367 108.321
99.2458 105.681
105.383 106.282
110.601 110.061
105.067 111.195
99.161 111.143
135.292 109.886
140.399 106.309
146.258 105.577
151.742 108.435
146.651 110.65
140.903 110.716
106.223 155.46
111.443 152.729
117.433 151.338
123.828 151.587
128.628 151.112
133.658 152.054
138.258 154.195
134.017 158.341
129.059 161.242
123.566 161.953
117.184 161.736
111.333 159.192
115.251 154.427
123.737 153.917
130.502 153.796
130.295 155.638
123.581 156.585
115.462 156.178
