83.2863 98.1172
90.0286 94.3401
97.7995 94.0711
105.437 95.3681
112.97 97.8263
137.184 99.1079
143.596 96.7698
150.305 95.5665
157.329 95.0859
163.133 99.1291
125.404 109.081
125.386 117.353
125.433 125.681
125.487 133.976
115.381 140.498
119.411 142.506
124.199 143.192
128.851 142.513
133.198 140.701
92.4734 108.913
98.5907 104.906
105.852 105.215
111.121 110.188
105.414 112.321
98.4433 112.292
137.781 111.106
143.307 106.856
150.634 106.197
156.568 109.882
151.279 113.36
144.165 113.421
104.358 158.061
110.555 155.596
116.922 153.911
123.806 154.497
129.532 153.954
134.962 156.309
140.168 159.71
134.985 162.415
129.383 164.059
124.009 164.257
117.144 163.757
110.292 161.969
115.072 157.638
123.732 157.57
130.897 157.828
130.861 158.784
123.847 158.447
115.245 158.43
