88.3716 101.924
92.324 96.4089
98.4754 93.6726
105.356 93.7597
112.019 95.4841
134.813 95.3435
140.901 93.1056
147.667 91.9555
154.217 93.8236
158.198 99.4965
123.779 108.52
124.053 114.144
124.242 119.824
124.416 125.299
117.936 136.141
121.479 137.004
125.07 137.14
128.764 136.817
132.517 135.843
99.9993 116.118
104.36 113.011
108.947 112.715
112.708 115.141
108.904 117.338
104.245 117.533
136.83 114.713
141.232 112.259
146.291 112.037
150.525 114.671
146.273 116.488
141.457 116.177
112.185 157.687
115.043 152.047
120.144 147.649
126.574 147.153
132.892 146.746
138.882 150.742
142.118 155.881
139.015 159.779
134.033 162.483
128.225 163.296
121.885 163.046
115.973 161.366
118.413 152.001
126.886 150.035
134.942 151.405
134.807 157.691
127.493 158.475
119.189 158.629
