90.9916 104.858
94.8966 101.173
100.005 98.9344
105.55 98.0868
110.997 98.5535
128.886 96.6827
135.156 96.2829
141.562 96.5249
147.522 98.4838
152.184 102.454
120.4 105.51
120.095 110.192
119.952 114.563
119.887 118.75
115.268 131.398
118.513 131.987
121.657 131.757
125.43 131.529
128.991 130.796
98.032 114.273
101.802 110.957
106.562 110.556
110.56 112.384
106.764 114.277
102.446 114.738
134.107 111.206
138.114 108.688
143.002 108.559
147.03 111.049
142.873 111.876
138.407 111.749
109.661 149.999
113.168 145.387
117.764 141.837
123.42 140.804
129.769 140.8
135.582 143.77
139.407 147.904
135.096 150.816
129.993 152.569
124.329 153.09
118.725 153.301
113.355 152.576
117.003 145.707
123.699 143.936
130.92 144.909
130.694 149.02
123.772 149.486
117.453 149.744
