86.7381 110.951
90.3251 106.149
95.9136 103.775
102.092 103.381
108.154 103.246
128.688 96.6628
136.223 93.4861
143.782 91.2083
151.791 91.2244
159.26 94.5381
120.171 109.691
120.422 116.913
120.52 124.385
120.837 131.719
117.675 140.767
121.713 141.556
126.055 141.161
131.323 139.18
135.859 136.312
96.1674 116.262
100.545 112.321
106.708 111.374
112.472 112.479
107.638 116.619
101.88 117.969
135.505 108.061
140.507 104.367
147.151 103.309
153.242 104.901
148.005 108.647
141.631 109.577
117.549 159.68
119.76 154.789
124.527 151.741
129.961 150.886
136.928 148.756
144.402 149.458
151.286 152.326
147.583 158.945
142.034 164.147
134.914 166.803
128.105 167.115
122.054 164.655
124.345 155.515
131.077 154.373
140.237 152.215
142.004 157.659
133.014 160.532
125.647 160.806
