90.6421 110.987
95.1761 107.149
100.895 105.793
106.837 105.73
112.687 106.008
129.159 101.12
136.261 97.7912
143.616 95.3915
151.325 94.719
158.528 98.1094
122.271 111.836
122.371 119.418
122.49 126.949
122.868 134.499
119.484 140.661
123.04 141.458
126.953 141.187
131.897 139.395
136.463 136.476
101.48 117.165
105.533 114.467
110.448 113.566
115.309 113.948
111.527 117.452
106.563 118.402
136.749 110.277
141.256 108.349
146.394 107.32
151.368 107.699
147.273 111.076
141.955 111.692
120.598 157.871
123.009 154.086
126.813 151.747
131.269 150.956
137.634 149.091
144.507 149.616
150.874 151.624
147.904 158.103
142.707 162.734
136.492 165.171
130.061 165.481
124.408 163.044
126.23 154.976
132.301 153.781
141.319 151.832
142.896 156.353
134.349 159.593
127.51 159.285
