89.4395 112.392
94.2036 108.485
100.187 107.176
106.369 106.963
112.385 107.351
128.303 101.934
135.026 98.3505
142.484 95.9121
150.167 95.1916
157.312 98.2286
120.834 112.017
120.883 119.616
120.93 127.231
121.255 134.663
117.356 141.05
121.086 141.98
125.274 141.687
130.333 139.981
134.949 137.329
99.4436 118.762
103.668 115.53
108.873 114.543
114.355 115.241
110.27 119.27
104.912 120.462
135.564 111.332
139.942 108.692
145.409 107.564
150.856 108.264
146.623 112.372
140.921 113.098
118.676 158.545
121.198 154.573
124.693 151.978
129.03 150.812
135.574 149.122
142.607 149.799
149.489 152.2
146.137 158.341
140.585 162.868
134.138 165.255
127.903 165.645
122.422 163.457
124.013 155.355
130.2 153.82
139.483 152.157
141.078 156.62
132.09 159.542
125.161 159.641
