88.9183 109.526
94.2515 105.422
100.402 104.928
106.263 105.382
112.03 106.211
127.08 101.586
134.235 97.3201
142.198 94.9693
150.567 94.5808
158.009 97.4508
120.237 111.783
120.218 119.074
120.297 126.421
120.398 133.634
115.745 139.764
119.545 140.93
123.572 140.89
128.451 139.378
133.182 136.496
98.7197 116.386
102.879 113.422
107.645 112.775
112.313 113.393
108.295 116.89
103.53 117.887
135.585 110.334
139.567 108.063
144.692 107.322
149.433 107.759
145.493 111.242
140.316 111.566
115.254 158.471
118.123 154.124
122.383 151.695
127.745 150.89
134.461 148.862
141.652 149.624
148.386 152.492
144.652 158.948
139.036 163.583
132.026 165.743
125.357 165.723
119.721 163.133
121.705 155.315
128.607 153.959
138.133 152.754
139.673 156.497
130.381 159.169
122.682 159.194
