93.1202 109.46
97.6682 106.546
103.023 106.05
108.349 106.464
113.784 107.229
129.789 103.501
136.389 100.049
143.36 98.066
150.72 97.9755
157.128 100.828
121.255 112.245
121.14 119.26
121.071 126.381
121.157 133.253
117.622 138.875
120.83 139.778
124.328 139.812
128.753 138.453
132.894 136.073
101.557 116.415
105.328 113.588
109.614 112.978
113.974 113.93
110.17 116.935
105.83 117.622
136.136 111.143
140.221 109.108
145.107 108.44
149.87 109.167
145.787 112.032
140.782 112.273
115.899 155.604
118.742 151.614
122.656 149.417
127.608 148.808
134.057 147.261
140.842 148.024
147.154 150.409
143.422 156.16
137.895 160.357
131.103 162.272
124.965 162.427
119.864 160.25
121.614 152.638
128.184 151.827
137.181 150.539
138.574 154.196
129.677 156.443
122.575 156.495
