91.9735 108.833
96.5667 105.403
102.025 105.102
107.365 105.777
112.669 106.652
128.476 103.442
134.788 99.7832
141.557 97.8008
148.714 97.3223
155.098 99.8345
120.502 111.095
120.206 118.487
120.039 125.946
120.094 133.192
115.707 137.495
119.128 138.751
122.953 139.083
127.362 137.818
131.402 135.296
100.359 115.52
104.193 112.592
108.596 112.109
112.912 113.099
109.182 116.347
104.733 116.979
135.338 110.731
139.305 108.707
144.222 108.29
148.931 109.429
144.592 112.005
139.699 112.111
114.706 154.342
117.549 150.669
121.486 148.589
126.358 148.4
132.424 146.864
138.756 147.6
144.571 150.336
140.621 155.246
135.548 158.63
129.578 160.449
123.802 160.484
118.812 158.446
120.814 151.578
126.786 151.018
135.346 150.015
136.43 152.962
128.195 154.837
121.751 155.111
