89.9118 108.995
94.2089 105.042
99.7585 104.14
105.399 104.414
111.13 105.355
126.663 102.017
132.956 98.9724
139.701 97.2571
146.798 96.9276
153.266 99.5084
119.355 110.671
119.105 117.728
119.001 124.854
119.016 131.757
114.479 136.429
117.881 137.57
121.565 137.705
125.822 136.342
129.896 133.924
98.5599 114.049
102.702 111.401
107.329 110.922
111.698 112.368
107.452 114.812
103.154 115.453
132.936 110.151
137.011 107.881
142.141 107.22
146.884 108.36
142.513 111.054
137.532 111.314
112.445 151.53
116.478 149.013
120.562 147.351
125.003 147.299
130.661 145.812
136.629 146.324
142.889 147.319
138.474 151.32
133.008 153.921
127.286 154.925
121.87 155.087
116.981 153.858
119.833 149.965
125.571 149.68
133.506 148.508
134.065 149.713
126.34 150.922
120.101 151.289
