85.668 102.653
91.8936 99.6425
99.1106 98.789
106.363 100.167
113.468 102.15
133.449 101.242
140.172 98.8701
147.039 97.1797
154.331 97.3702
160.195 100.794
122.921 109.828
123.027 117.859
123.267 125.739
123.486 133.766
115.927 141.342
119.762 143.024
123.993 143.623
127.922 142.706
131.546 140.749
94.5898 113.771
99.5581 113.766
104.797 113.401
109.529 112.494
105.073 115.124
99.5723 115.474
135.429 111.98
140.246 112.944
145.788 113.371
150.724 113.813
145.983 115.34
140.46 114.509
108.547 159.975
112.455 155.746
118.015 153.232
124.057 153.597
129.941 152.499
136.036 155.004
140.739 158.943
137.445 164.869
132.009 169.234
125.575 170.026
118.65 169.197
112.441 165.825
116.377 157.602
124.328 157.197
131.916 157.077
132.752 161.79
125.368 162.861
116.963 162.366
