81.0466 102.854
88.3258 98.5983
96.6039 97.5264
105.091 98.6638
113.291 101.363
133.352 100.329
139.435 97.8735
145.767 96.617
152.183 97.0885
157.699 99.7613
122.989 111.652
123.488 118.211
124.158 124.706
125.013 130.99
115.499 141.087
119.778 142.091
124.391 142.684
128.927 141.856
132.631 140.566
90.9329 114.122
96.5545 112.746
102.228 112.435
106.892 113.634
101.952 116.562
96.2175 116.64
136.098 113.58
140.848 111.549
146.727 112.036
151.064 114.104
146.657 116.487
141.199 116.287
105.588 160.787
111.217 155.824
118.11 152.284
125.701 151.942
132.467 151.818
139.155 155.045
142.945 160.977
139.272 165.319
133.461 167.922
126.647 168.817
118.38 168.391
111.277 165.923
115.419 157.12
126.029 155.356
135.354 156.476
135.829 162.015
126.377 162.735
115.568 162.395
