84.4201 103.288
91.523 99.1396
99.6437 97.1594
107.956 98.078
116.048 101.154
133.083 100.154
139.757 98.2181
146.403 97.6046
152.921 99.4447
158.179 103.461
124.501 110.248
124.649 118.372
124.771 126.439
125.145 134.294
116.247 140.085
120.285 142.74
124.578 143.685
129.324 142.371
132.837 139.429
94.546 113.095
99.7054 113.155
104.735 112.77
109.712 111.052
105.159 113.706
99.7697 114.176
135.735 111.664
140.518 112.454
145.828 113.374
150.706 114.124
145.978 115.193
140.557 114.483
106.67 159.436
111.903 155.113
117.986 152.382
124.564 152.447
130.354 152.418
136.425 154.907
140.764 159.452
136.943 164.426
131.348 168.363
124.82 168.896
117.812 168.013
111.353 164.922
115.356 156.604
124.899 155.732
133.392 156.212
133.793 161.675
124.836 162.579
115.164 161.896
