87.518 96.1437
95.6438 94.0898
103.897 94.8344
111.937 97.2309
119.662 100.532
139.029 102.42
144.88 102.329
150.058 102.734
154.647 104.446
158.101 107.882
128.99 111.575
129.859 119.712
130.577 127.714
131.355 135.677
116.725 141.648
121.131 143.136
125.205 144.216
129.231 144.32
132.208 143.883
95.8821 107.789
101.336 108.408
107.045 108.622
111.567 108.815
106.646 110.875
100.944 110.059
136.185 114.009
140.992 114.88
146.176 116.708
149.565 118.992
145.081 119.177
140.127 117.372
101.451 156.688
108.946 155.315
116.385 155.617
122.74 157.349
126.98 157.443
130.8 158.757
133.467 161.535
129.95 162.934
125.586 163.631
120.991 163.117
113.921 161.986
107.716 159.632
112.36 157.509
122.262 159.102
128.932 159.602
128.475 159.401
121.671 159.68
111.286 157.756
