84.9573 99.4724
92.2505 96.3902
100.363 96.2993
108.202 98.0671
116.051 100.528
139.151 102.277
144.56 100.267
150.142 99.6085
155.639 99.608
160.285 101.303
128.19 111.667
129.583 120.509
131.02 129.009
132.334 137.457
116.883 142.318
122.257 144.52
127.936 145.675
132.774 144.568
136.465 142.361
94.3969 111.23
99.9827 111.307
105.504 111.212
111.208 111.048
105.802 112.488
99.9381 112.663
138.423 112.22
143.234 112.544
148.763 113.358
152.945 114.885
148.559 115.652
143.01 114.712
103.513 156.675
111.137 155.209
118.86 155.198
126.145 156.319
131.161 155.76
136.072 156.679
140.542 158.933
135.968 161.556
130.783 163.183
125.221 163.393
117.604 162.564
110.255 160.416
116.063 158.197
125.729 159.124
132.773 158.419
132.827 158.803
125.599 159.492
115.733 158.524
