85.7627 99.1007
92.8347 96.4754
100.729 96.4301
108.377 98.269
115.748 100.808
139.186 102.185
144.408 100.467
149.728 100.008
154.934 100.179
159.21 101.836
128.537 110.21
129.784 119.666
131.136 128.758
132.509 137.693
117.014 141.446
122.382 143.652
128.042 144.869
132.791 143.916
136.601 141.584
95.2793 111.039
100.954 111.982
106.41 111.849
111.807 110.495
106.62 112.496
100.854 112.689
138.074 111.969
142.881 113.587
148.056 114.625
151.84 115.213
147.63 115.792
142.359 114.688
103.716 154.838
111.594 153.416
119.368 153.523
126.628 154.822
131.734 154.614
136.514 155.452
139.996 158.113
135.593 160.249
130.77 161.447
125.53 161.578
117.827 160.665
110.504 158.592
116.2 156.119
126.208 157.312
133.358 156.951
133.094 157.594
125.716 158.138
115.756 156.752
