84.285 101.091
90.3391 96.8713
98.052 95.5357
105.764 97.0046
113.341 99.5352
135.961 99.4712
142.23 97.8867
148.593 97.4323
154.594 98.527
159.26 102.21
124.772 108.198
125.027 116.258
125.347 124.238
125.837 132.144
116.354 140.062
120.364 141.061
124.772 141.849
129.076 141.312
132.657 140.46
92.4483 111.066
97.9294 108.527
103.745 108.534
108.825 110.47
103.639 112.573
97.9049 112.751
136.539 112.259
141.319 110.514
147.639 110.689
152.165 114.013
147.262 115.214
141.569 114.564
104.74 158.035
110.859 154.124
117.433 152.252
124.184 152.733
130.193 152.708
136.145 155.247
140.565 159.672
136.283 163.414
130.406 165.886
124.116 166.271
116.563 165.414
109.974 162.583
115.153 155.454
124.308 154.864
131.748 156.105
131.862 160.102
124.35 160.524
114.909 159.796
