85.4921 94.6905
92.7812 92.9612
100.77 92.5978
108.407 94.2134
115.753 97.1869
138.169 100.995
144.922 99.8989
151.265 99.1169
157.741 100.637
162.598 104.54
126.109 107.197
125.455 113.988
124.994 120.41
124.723 127.011
112.233 131.898
117.027 135.247
122.579 137.471
127.85 136.362
132.144 133.508
94.6508 103.101
99.5015 102.75
104.386 103.4
108.161 104.415
103.909 104.93
99.2596 104.518
138.437 108.32
142.888 108.483
147.443 109.292
151.187 111.171
146.888 111.025
142.384 110.085
102.673 149.532
108.387 145.104
115.105 142.831
121.93 144.199
127.945 143.845
133.456 146.478
136.888 151.122
133.482 156.929
128.337 160.87
121.563 161.954
113.501 160.824
107.287 156.36
113.014 147.131
121.659 147.574
129.179 148.168
129.187 154.869
121.735 155.695
113.091 154.269
