91.1841 98.7764
96.1961 97.0964
100.916 96.8689
105.658 97.6107
110.198 99.2239
127.357 99.3614
133.798 97.7389
140.283 97.0216
146.78 97.9325
152.326 100.981
118.79 106.436
118.48 112.162
118.043 118.096
117.585 123.989
112.954 129.138
115.858 130.339
119.165 130.895
123.157 130.395
127.101 129.271
99.1963 107.695
102.341 106.618
106.241 106.769
109.361 108.27
106.029 109.923
102.347 109.706
132.911 107.891
136.395 106.209
140.593 106.402
143.913 108.143
140.268 109.123
136.297 109.233
110.279 143.108
113.143 140.408
117.352 139.133
121.574 139.718
126.384 138.668
131.405 140.039
135.416 142.257
130.557 143.004
125.825 143.604
121.302 143.731
117.509 143.756
113.789 143.79
116.537 141.603
121.738 141.976
127.977 140.974
127.554 140.479
121.078 140.701
116.063 140.797
