92.852 102.375
97.0271 100.427
101.636 99.7999
106.519 100.18
111.335 100.931
130.522 99.9248
136.702 97.8973
143.026 96.3085
149.554 96.4884
155.282 98.4076
121.67 108.047
121.256 113.805
120.986 119.447
120.753 125.173
117.097 132.37
119.756 132.78
122.69 132.606
126.44 131.97
130.07 130.897
100.31 111.152
103.639 108.986
108.311 108.892
112.183 110.629
108.287 112.307
103.92 112.424
135.046 108.81
138.758 106.113
143.654 105.84
148.521 107.914
144.23 109.783
139.294 109.968
113.943 148.543
116.27 144.992
119.848 142.312
124.327 141.946
130.095 140.844
136 142.115
140.861 145.097
137.505 150.019
132.179 153.617
125.905 154.971
120.837 155.148
116.28 153.01
119.386 145.262
124.771 144.422
132.144 143.44
132.84 149.029
125.159 150.493
119.475 150.692
