82.0636 90.5099
90.4772 88.0174
100.025 88.7957
109.231 91.0537
117.948 94.8036
141.921 100.157
150.298 99.5211
158.447 99.7107
166.142 101.258
171.97 105.136
129.795 107.796
129.151 116.816
128.247 125.684
127.139 134.109
112.741 136.906
117.543 139.298
122.773 140.518
126.826 140.41
130.838 139.959
93.6631 102.992
99.7011 102.564
106.182 103.84
111.541 105.633
105.732 106.925
99.2959 105.838
142.697 110.818
148.093 111.1
153.971 112.057
159.025 113.759
153.565 114.354
147.99 113.323
99.7959 154.131
107.192 151.596
114.373 150.979
120.708 152.839
125.61 152.335
130.405 154.5
134.07 158.086
130.186 163.823
124.046 167.017
117.359 167.265
109.779 165.086
103.936 160.287
110.391 154.107
120.355 155.988
127.018 156.265
125.339 159.89
118.493 160.504
109.489 158.059
