93.8405 98.1571
97.2221 95.2834
101.61 94.5141
106.391 94.6929
111.256 95.0585
128.272 91.6947
137.372 91.8691
146.1 92.2138
154.232 93.8938
161.616 97.6728
118.891 109.16
116.067 117.259
112.643 125.324
108.464 133.135
107.454 142.941
110.252 144.339
113.342 144.994
118.636 144.818
123.82 144.13
99.2389 114.618
103.194 111.403
108.478 111.582
113.609 113.56
109.178 116.187
103.696 116.653
135.839 113.07
140.461 109.951
146.804 110.303
152.499 112.767
146.669 114.747
140.514 114.896
107.233 165.77
106.071 159.816
109.545 155.04
114.813 155.09
124.965 155.33
134.513 158.392
143.165 163.602
136.872 171.612
128.081 177.466
117.456 179.9
111.558 177.992
108.851 172.309
110.413 160.797
115.838 160.045
129.043 160.693
130.552 169.582
117.898 172.446
112.283 169.979
