97.0449 95.1548
100.609 93.5456
104.434 93.1713
108.681 93.6835
112.631 94.1585
129.031 91.2521
137.804 90.2097
146.553 89.8584
155.022 91.67
161.477 95.8849
119.696 108.727
117.287 116.602
114.454 124.247
111.149 132.024
108.871 142.41
111.294 143.962
114.202 144.776
119.728 144.39
125.334 143.279
100.331 114.556
103.502 111.353
109.085 111.06
114.745 113.436
109.516 116.207
104.088 116.454
137.484 112.231
141.372 109.011
147.289 109.537
153.272 112.007
147.667 114.186
141.83 114.281
108.394 164.794
108.906 159.24
113.061 155.843
117.394 156.527
126.062 155.468
134.271 158.071
141.236 162.294
134.874 167.192
127.457 170.288
119.039 171.966
114.374 171.574
110.399 169.208
113.548 161.365
118.11 161.472
127.987 160.812
128.288 164.043
118.783 165.43
114.331 165.151
