90.1909 99.4412
96.7532 95.0484
104.173 93.2481
111.994 93.4639
119.796 95.1411
138.701 97.796
144.197 96.8829
149.88 97.1724
155.349 99.1526
159.012 103.595
129.2 110.629
131.181 118.744
133.362 126.323
135.591 133.962
122.711 142.303
127.268 144.221
132.239 145.192
136.083 144.379
139.541 142.297
97.3753 110.336
103.119 106.936
109.321 107.415
113.966 112.24
108.477 112.135
103.056 111.607
138.72 113.275
143.984 109.738
149.648 109.917
153.776 114.818
149.294 114.408
143.908 113.866
100.973 157.455
109.215 151.586
119.726 149.687
130.362 151.244
137.248 151.08
143.237 154.641
146.231 160.055
142.86 169.264
136.442 175.897
127.523 177.5
116.196 174.475
107.404 167.029
115.985 154.488
129.202 155.763
137.933 156.049
136.763 167.923
127.52 171.211
114.168 167.141
