87.5134 102.819
94.2756 98.5753
101.912 96.1992
109.948 95.5041
117.625 96.5061
137.711 95.8695
142.4 94.6902
147.127 93.7592
151.97 93.5639
155.984 96.4577
129.587 108.764
132.587 117.246
136.122 125.54
139.713 133.839
124.877 143.243
130.959 144.942
136.715 145.168
140.935 144.051
144.018 141.286
95.9077 114.096
101.453 108.085
110.034 106.916
116.14 112.777
109.942 114.868
102.839 115.591
135.766 111.286
140.689 104.955
147.827 103.661
152.789 109.126
148.521 111.8
142.232 112.51
103.616 160.719
113.737 155.802
124.8 152.823
135.468 153.117
140.721 151.493
145.596 152.708
147.315 156.564
145.879 165.529
142.099 173.303
133.985 177.033
122.186 175.24
111.628 169.54
120.422 157.925
134.554 157.375
140.975 156.202
141.432 165.249
133.45 169.814
118.814 168.391
