87.3556 98.9181
92.7069 96.5281
98.5765 95.6741
104.16 96.4646
109.43 98.0126
127.564 99.5008
133.821 98.0436
140.016 97.651
146.341 98.8576
151.89 101.596
116.009 107.915
114.394 112.623
112.685 117.303
111.04 122.153
106.4 131.056
108.971 131.955
112.297 132.578
116.281 132.444
120.401 131.768
95.1743 110.782
98.055 107.963
102.319 107.794
106.038 109.365
102.591 111.556
98.6208 111.916
130.055 111.252
133.293 109.643
137.56 110.502
141.047 113.112
137.156 114.41
133.018 113.974
103.316 149.309
105.144 145.873
108.961 143.592
113.182 143.082
119.222 143.268
124.687 145.282
129.324 149.105
124.812 152.403
119.501 154.25
113.75 154.973
109.059 154.627
105.014 152.743
108.179 146.637
113.314 145.862
120.917 146.31
120.99 150.438
113.594 150.988
108.146 150.693
