88.8341 100.79
96.1896 96.251
104.704 94.6864
113.544 96.1799
121.244 99.4493
140.143 102.072
142.912 100.731
145.845 99.9568
148.943 100.109
151.105 102.26
132.085 112.084
136.006 120.234
139.489 128.209
142.574 136.324
124.873 143.063
129.755 145.741
134.687 146.986
139.027 145.758
142.321 143.397
97.116 113.472
103.366 111.571
109.32 111.107
113.066 113.231
108.878 115.731
103.057 115.663
133.595 114.374
138.494 113.493
142.162 114.235
143.435 116.789
140.68 118.01
137.11 117.016
106.824 157.826
115.257 154.362
123.312 152.536
130.789 153.325
133.873 153.556
135.735 155.624
134.844 159.325
134.515 163.735
132.289 167.001
128.287 168.23
120.206 167.307
112.591 163.693
118.8 157.818
129.295 158.457
133.144 158.331
132.612 159.719
128.284 159.661
118.554 159.488
