79.4598 99.2254
88.2874 95.1223
98.2815 93.7488
108.165 93.9687
117.626 96.8077
134.232 98.1345
140.176 96.36
146.157 95.303
152.495 95.3848
157.545 98.1366
127.39 106.824
129.852 112.931
132.239 118.793
134.582 124.855
119.312 135.207
124.93 136.456
130.564 137.309
134.299 136.724
137.272 135.584
93.6927 108.348
98.7161 106.49
104.034 106.446
108.735 108.057
104.049 110.114
98.5315 110.407
134.246 108.713
138.506 107.632
143.36 108.115
147.188 111.162
142.725 112.025
138.069 111.089
107.745 156.203
114.951 151.8
122.435 148.097
130.267 148.502
134.306 148.08
138.018 151.1
140.386 155.09
138.567 159.59
135.111 162.841
130.317 163.744
122.266 163.172
114.66 160.814
120.161 152.785
130.399 151.701
134.848 152.966
134.75 156.603
130.47 157.062
120.53 156.969
