84.1814 107.916
90.6831 103.567
98.3281 100.962
106.067 100.271
114.105 101.091
131.982 97.8691
137.713 94.079
143.943 91.2155
150.494 90.0169
156.658 91.1087
124.776 107.538
126.302 113.745
127.792 119.875
129.415 125.873
120.093 134.051
125.247 135.573
130.631 135.34
134.582 133.281
137.564 129.912
96.3172 114.678
100.592 111.798
105.788 110.56
110.978 110.843
106.64 113.596
101.718 114.915
135.87 105.774
139.739 103.48
144.836 101.953
149.941 102.199
145.902 105.214
141.015 106.333
114.771 151.171
119.203 146.872
125.174 143.882
131.715 142.669
137.146 140.77
142.853 140.769
147.15 142.469
144.426 147.613
140.103 151.474
134.366 153.772
127.621 155.03
120.898 153.979
123.875 146.507
132.157 144.679
138.803 142.574
140.065 147.205
133.634 150.036
125.411 151.072
