83.4044 107.45
89.5133 104.106
96.419 101.633
103.891 101.172
111.403 101.725
131.292 97.6868
137.873 93.8609
144.555 90.6651
151.815 89.5616
158.465 90.9427
123.108 107.681
124.29 114.606
125.442 121.526
126.585 128.502
119.726 135.003
123.927 136.064
128.592 135.963
132.945 133.722
136.431 130.694
95.3612 115.285
99.4998 111.786
104.818 110.457
109.991 111.188
105.869 114.17
100.85 115.581
136.868 105.271
140.908 102.398
146.062 101.282
150.861 102.088
147.09 104.998
142.143 105.958
115.492 152.101
119.361 148.243
124.732 145.4
130.472 144.424
136.475 142.134
142.54 142.001
147.989 142.992
145.063 149.474
139.909 154.221
133.341 156.788
126.861 157.759
120.645 156.03
123.337 148.197
130.962 146.437
138.597 144.019
140.101 148.942
132.463 152.229
124.626 153.147
