79.3976 109.546
85.9956 105.183
93.5845 102.625
101.976 102.452
110.507 102.863
131.241 99.5035
135.432 96.8156
139.635 94.4475
144.284 92.3865
148.6 92.9127
123.921 108.526
127.856 115.625
131.509 123.159
134.908 130.866
119.268 140.26
124.561 140.678
129.68 140.216
133.385 138.793
135.958 136.562
90.4145 116.02
95.8876 113.309
101.714 111.5
106.804 112.027
102.439 115.266
96.4911 116.531
132.571 107.283
136.899 104.668
142.004 103.501
146.647 104.422
143.078 107.263
137.77 108.147
108.802 158.028
115.787 154.447
123.142 151.876
130.587 150.765
134.414 149.101
138.236 149.373
140.834 150.486
139.338 156.234
136.412 160.653
131.585 162.897
123.337 163.983
115.676 161.925
121.295 155.005
130.834 153.472
135.425 151.368
135.688 154.452
130.881 156.453
121.457 157.967
