90.0987 97.6306
96.0394 96.0146
102.485 97.9945
108.423 100.553
113.605 103.81
138.568 104.602
144.084 102.11
149.808 100.057
156.041 99.7277
160.928 103.117
125.342 113.113
124.622 121.707
123.694 130.381
122.445 138.62
112.601 141.81
116.958 144.104
122.187 145.368
128.063 144.602
133.771 142.96
96.4247 112.045
102.081 109.82
107.651 110.528
112.518 113.684
106.808 114.857
101.062 114.578
137.93 113.785
142.641 111.485
148.309 111.072
152.978 113.916
148.425 115.927
142.986 115.872
105.199 151.917
111.863 151.76
117.337 151.708
123.163 153.461
128.997 152.15
135.27 151.892
142.215 152.179
136.57 156.07
130.481 158.274
123.772 159.407
117.414 158.557
110.947 156.168
115.166 153.784
123.499 155.553
132.406 154.33
132.901 155.481
123.811 156.697
115.072 155.05
