97.9213 92.2788
101.786 91.9712
105.94 93.9553
109.641 96.7067
112.767 99.7862
135.044 101.37
142.013 99.7704
149.328 99.3471
156.315 101.328
163.493 105.354
121.642 113.547
118.808 121.573
115.77 129.713
112.764 137.999
108.913 142.726
111.55 145.572
116.037 147.193
122.932 147.068
129.206 145.584
101.282 109.982
105.572 108.042
110.623 109.468
114.549 113.581
109.311 113.556
104.299 112.477
138.449 117.572
142.724 114.508
149.09 115.274
154.271 120.022
147.636 120.515
142.159 119.617
107.279 154.29
110.375 153.947
114.311 154.991
118.104 156.24
125.802 156.558
133.881 157.366
141.856 158.818
134.041 160.908
126.239 162.301
118.031 162.037
113.372 160.687
109.769 157.79
112.255 156.408
117.874 158.094
129.826 159.055
129.843 159.767
118.202 159.266
112.504 157.552
