89.4806 88.9045
94.4327 84.5379
101.238 84.2159
107.513 86.7922
112.705 90.6912
137.71 99.3205
146.292 101.243
154.139 104.326
160.707 109.877
164.638 117.447
121.334 107.639
117.744 114.175
114.143 120.852
110.65 127.595
101.869 136.116
105.855 137.458
110.136 139.142
115.305 140.428
120.575 141.545
93.46 108.557
98.7401 108.322
104.118 109.475
108.376 111.997
103.316 111.269
98.0669 110.183
136.236 120.949
141.464 121.719
146.611 123.237
151.693 126.401
145.956 125.077
141.06 123.014
87.3157 152.79
93.5178 149.359
100.558 148.843
107.322 151.7
115.485 152.97
122.525 157.731
128.872 164.006
120.638 163.47
112.587 162.277
104.739 159.994
98.515 158.147
92.6783 155.689
98.2821 153.071
106.406 154.923
116.321 158.276
116.219 159.49
106.23 156.51
98.3607 154.161
