95.7145 99.1938
101.071 97.0431
106.595 97.0819
111.868 99.3936
116.42 102.73
135.38 105.192
138.79 103.998
142.436 103.207
146.192 103.51
149.53 105.506
126.467 112.293
126.954 117.475
127.353 122.382
127.641 127.471
116.605 131.228
120.054 132.408
123.911 133.253
127.8 133.187
130.839 132.703
100.912 108.233
105.364 107.261
109.949 107.794
113.255 110.451
108.866 111.58
104.439 110.897
134.067 113.553
137.415 112.173
141.686 112.811
145.183 114.783
141.366 115.812
137.344 115.496
108.275 145.096
112.199 142.518
116.951 141.407
121.956 142.029
126.559 142.322
130.151 144.739
132.106 147.672
129.578 149.467
125.659 150.176
121.52 149.769
116.644 148.98
112.137 147.643
115.434 143.888
121.587 144.638
126.654 145.215
127.164 146.567
122.376 145.868
115.853 145.226
