86.1563 101.704
91.2893 98.005
97.5672 97.0905
103.997 98.5233
110.289 100.033
134.983 101.048
142.645 100.389
150.177 100.128
157.415 102.109
162.908 107.025
122.327 111.954
121.853 118.429
121.401 124.581
120.825 130.646
114.216 139.619
117.861 140.206
121.777 140.443
126.649 140.117
130.897 139.683
94.1521 114.164
99.4816 113.015
105.127 112.925
110.205 113.838
104.871 115.622
99.2182 115.789
138.067 115.123
142.765 114.961
148.156 115.315
153.381 116.586
148.463 117.652
143.09 117.036
106.639 157.66
110.635 152.538
116.42 149.383
122.712 149.992
129.997 149.835
136.241 153.501
141.743 158.108
136.849 163.346
129.884 166.164
121.836 166.495
114.797 165.88
109.47 162.446
114.414 152.708
122.384 152.372
131.775 153.313
131.484 161.851
121.896 161.77
114.107 161.202
