86.6456 100.542
93.0782 97.46
100.157 96.4818
107.302 97.4736
114.383 99.0597
135.895 101.632
142.397 100.221
148.794 99.3574
155.364 99.8656
160.735 103.77
125.149 110.16
125.74 117.114
126.264 123.869
126.635 130.63
117.127 137.339
120.851 138.991
125.251 139.56
129.742 138.919
133.506 137.631
94.8316 112.374
100.375 112.812
106.147 112.492
111.533 111.435
106.277 113.634
100.42 114.187
137.344 112.627
142.242 114.131
147.764 114.683
152.881 114.904
148.057 115.815
142.557 114.964
106.441 155.835
112.291 151.557
119.079 149.025
126.074 149.443
131.893 148.96
137.197 151.722
141.11 155.432
137.462 160.589
131.801 163.562
124.672 164.212
117.291 163.416
111.201 160.395
117.146 152.57
125.619 152.396
133.251 152.443
132.853 158.516
124.827 158.924
116.625 158.041
