85.6688 103.393
90.7137 99.7696
97.1609 98.9129
103.784 99.825
110.425 100.907
135.064 100.875
142.568 99.1838
150.07 97.8214
157.622 99.0454
164.006 103.589
122.498 111.712
122.474 119.141
122.517 126.431
122.634 133.746
115.168 140.237
119.328 141.442
124.296 141.801
129.158 140.957
133.249 139.567
93.0127 115.313
98.5568 114.368
104.268 113.954
109.63 114.237
104.466 116.527
98.4246 117.102
138.229 113.301
143.387 113.492
148.747 113.548
154.372 114.066
149.026 115.887
143.301 115.56
107.123 159.76
112.792 156.179
118.581 153.378
125.144 153.537
131.773 152.615
137.768 154.517
143.597 157.298
138.094 160.241
131.855 162.451
125.061 163.82
118.452 164.097
112.177 162.746
116.63 157.338
125.048 156.262
133.846 156.183
133.745 157.888
124.95 158.728
116.941 159.176
