87.7678 97.8868
93.4007 95.2727
100.012 95.3439
106.304 96.8933
112.307 98.545
133.647 101.015
141.654 100.631
149.401 100.391
157.198 102.169
163.798 106.85
121.384 110.805
120.137 118.234
118.989 125.461
117.97 132.769
111.392 138.518
114.89 140.426
119.49 141.472
125.073 141.156
130.104 139.941
94.1484 111.32
99.3572 111.192
104.734 111.094
109.475 110.795
104.41 112.387
99.1638 112.775
137.765 113.523
142.104 115.56
147.431 116.035
152.593 116.289
147.534 117.229
142.28 116.262
102.909 156.217
108.204 153.242
113.875 151.077
119.845 151.906
126.977 151.988
133.473 154.806
139.537 158.869
133.891 163.91
126.535 166.729
118.437 167.202
111.636 165.874
106.182 161.898
111.826 154.393
119.505 154.532
129.032 155.215
128.868 160.763
119.145 161.246
111.518 159.56
