89.9364 98.4712
95.1458 95.8943
101.145 95.9508
106.77 97.9818
112.321 99.8032
135.242 102.247
142.832 102.031
150.227 101.767
157.302 104.01
163.29 108.922
122.433 112.077
121.487 119.106
120.425 125.548
119.336 132.09
112.695 138.461
116.061 140.372
120.196 141.527
125.231 141.353
129.784 140.386
96.789 111.735
101.585 111.805
106.759 111.949
111.671 111.942
106.667 113.797
101.469 113.768
138.572 114.352
143.125 116.125
148.22 116.787
152.908 117.19
148.26 118.559
143.014 117.591
103.397 155.406
108.716 151.849
114.689 149.91
120.591 150.822
127.952 150.873
134.487 153.903
140.665 157.501
135.99 164.858
128.359 169.172
119.285 169.349
111.744 167.393
106.151 162.056
112.703 153.09
120.403 153.717
130.123 154.471
130.317 163.778
119.773 164.386
111.438 161.788
