89.836 98.0621
95.2057 95.8333
101.062 95.9704
106.643 97.9758
112.196 99.7296
135.75 102.44
143.546 102.41
150.882 102.173
157.918 104.196
163.753 108.733
122.939 112.381
121.783 119.196
120.597 125.49
119.383 131.904
113.288 138.888
116.509 140.519
120.477 141.448
125.399 141.283
129.871 140.646
97.47 111.763
102.082 112.023
107.05 112.052
111.871 111.936
107.028 113.715
101.909 113.69
139.258 114.231
143.83 116.283
148.85 116.986
153.244 117.44
148.726 118.46
143.628 117.515
103.687 155.202
109.101 152.194
114.907 150.606
120.637 151.481
127.749 151.541
134.172 154.288
140.316 157.761
135.759 164.64
128.232 168.294
119.55 168.374
112.205 166.475
106.523 161.789
113.358 153.469
120.627 154.231
129.575 155.042
129.751 163.039
120.071 163.386
112.337 160.996
