89.1515 99.5166
94.1838 96.2559
100.727 95.5162
107.184 97.3609
113.436 99.7894
135.786 102.012
143.834 101.295
151.714 100.721
159.182 103.248
165.211 108.81
122.561 110.971
121.343 117.982
120.061 124.668
118.876 131.532
112.477 138.424
115.983 140.283
120.314 141.154
125.995 141.042
131.089 140.163
96.7706 112.043
101.252 112.429
106.366 111.942
111.112 111.797
106.511 113.546
101.442 113.682
139.482 114.028
143.884 116.364
149.014 116.964
153.885 117.199
149.031 118.119
143.853 117.162
102.737 157.302
107.937 152.921
114.069 150.28
120.374 151.151
128.278 151.374
135.327 154.883
142.12 159.383
137.078 167.278
129.052 172.378
119.103 172.325
111.12 170.093
105.534 164.273
111.893 154.18
120.509 154.26
131.585 155.533
131.933 166.838
119.85 167.783
110.352 164.444
