86.981 87.4106
92.9926 86.7478
99.2922 89.8071
104.57 93.6232
109.524 97.7803
142.374 99.2628
148.906 95.825
155.626 93.1445
163.065 92.6605
168.452 96.9124
123.43 112.39
122.446 121.915
121.482 131.123
120.58 140.351
111.036 140.987
114.741 144.912
120.08 147.02
126.742 146.163
132.386 143.526
94.985 111.948
99.8906 113.449
105.728 113.355
110.924 112.169
105.009 114.442
99.3505 114.497
139.137 114.28
143.725 117.125
149.212 117.782
154.38 116.675
149.54 118.667
143.809 118.125
103.572 150.601
109.739 151.725
115.541 152.632
121.474 154.967
128.881 154.158
136.265 153.695
143.471 153.54
136.289 158.161
128.851 161.115
120.441 161.695
113.835 159.571
108.048 155.943
111.734 154.385
121.184 157.74
132.448 156.264
132.198 156.951
120.8 158.103
111.414 155.441
