80.2399 100.704
88.3113 98.6408
97.1296 98.7002
105.91 100.068
114.757 101.459
136.666 101.709
143.879 99.7729
151.419 97.0934
159.511 96.0839
167.336 97.2806
125.069 110.087
124.825 119.475
124.276 128.477
123.707 137.681
112.336 141.076
117.555 144.109
124.092 145.664
130.567 144.08
135.891 140.729
90.6145 111.045
96.6628 110.843
102.984 110.348
109.109 109.798
103.669 111.682
97.228 112.378
139.748 109.207
145.403 109.965
151.195 109.984
156.993 110.036
151.642 111.596
145.533 111.338
105.859 157.125
111.534 154.106
118.458 153.648
125.265 155.108
132.126 153.148
139.162 153.791
145.277 156.785
139.66 161.363
133.146 164.711
125.383 165.344
117.875 164.124
111.363 160.992
116.563 157.057
125.371 158.337
134.755 156.631
134.682 157.74
125.28 159.143
116.566 157.715
