81.1281 99.0935
89.2964 96.8285
97.5809 97.1598
105.781 98.7882
113.994 100.455
135.954 100.086
143.518 98.3969
151.276 95.8887
159.561 94.7508
167.137 96.6373
124.637 109.636
124.641 119.29
124.354 128.454
123.951 138.035
112.627 140.994
117.906 144.334
124.398 145.942
130.585 144.279
135.722 140.776
91.7168 111.208
97.3426 111.43
103.455 111.085
109.186 109.936
103.905 111.931
97.658 112.702
139.084 109.006
144.473 110.47
150.042 110.566
156.191 110.242
150.609 111.735
144.737 111.347
106.802 157.664
112.188 154.437
118.857 153.84
125.602 155.117
132.113 153.231
138.544 154.256
144.041 157.127
138.996 160.984
132.786 164.04
125.403 164.846
118.279 163.793
112.091 160.998
117.682 157.199
125.682 158.207
134.11 156.738
133.991 157.495
125.617 159.033
117.785 157.651
