83.7072 107.078
90.8852 103.154
99.1296 101.742
107.375 102.39
115.402 104.299
140.362 101.839
145.923 99.0054
151.872 96.6338
158.155 95.9489
163.156 98.6211
129.407 111.437
130.794 120.36
132.305 129.233
133.747 138.365
119.195 140.072
125.671 142.114
132.898 142.884
138.593 141.161
142.66 137.532
94.9491 116.567
101.053 117.259
107.33 116.402
112.603 114.824
107.311 117.566
100.991 118.417
140.103 112.03
145.849 112.917
151.739 112.57
156.703 111.896
151.81 113.512
145.774 113.653
111.486 154.589
117.628 151.009
125.152 149.687
133.12 149.861
138.989 147.967
145.059 148.093
149.567 150.16
145.117 154.317
139.731 157.312
133.383 159.262
125.546 159.278
118.273 157.619
123.399 152.901
133.129 152.305
140.684 150.734
140.389 151.527
132.816 153.525
123.479 153.715
