84.8245 100.102
90.0009 96.0489
97.227 96.0186
104.255 97.5987
111.152 99.7461
134.355 100.462
142.609 98.4133
150.941 96.9847
159.216 98.5102
165.846 103.352
121.949 110.96
121.444 119.428
120.908 127.746
120.594 135.827
113.331 139.765
117.12 142.073
121.842 143.221
126.917 142.301
131.529 140.574
94.3052 112.466
99.3695 112.444
104.779 111.801
109.85 110.528
105.044 113.15
99.6486 113.805
137.926 110.941
142.909 113.132
147.975 113.425
153.111 113.229
148.141 114.519
142.693 113.89
104.97 157.308
110.897 155.682
116.787 154.47
122.789 155.279
129.551 153.941
136.669 154.768
143.719 156.828
137.787 161.498
130.91 164.34
123.313 165.466
116.223 165.009
109.766 162.17
115.206 157.829
123.247 158.342
132.103 157.455
132.578 158.133
123.262 159.283
115.377 158.831
