85.7215 101.058
91.2063 97.9102
98.0858 97.7754
104.892 98.6821
111.366 100.684
134.748 102.166
142.037 100.297
149.663 99.1483
157.487 100.349
164.07 104.001
121.951 111.337
121.462 119.945
120.937 128.241
120.597 136.558
112.046 140.002
116.189 142.954
121.556 144.372
127.429 143.194
132.425 140.666
94.4334 112.069
99.2013 112.65
104.118 112.085
108.74 110.443
104.145 112.296
99.1872 113.113
137.84 111.304
142.151 114.149
146.675 114.585
151.492 114
146.831 114.734
141.929 113.95
104.363 155.843
110.228 154.325
116.431 153.567
122.535 154.432
129.461 153.104
136.447 153.995
143.1 155.821
138.036 161.771
130.88 165.687
122.331 167.029
114.777 165.698
108.513 161.675
114.537 155.883
122.439 157.057
131.502 156.005
131.971 159.31
122.429 161.19
114.477 159.465
