84.9103 99.5853
91.0148 96.8097
98.3579 96.8226
105.26 98.3182
111.893 100.693
133.85 101.72
141.82 100.105
149.797 98.9328
157.95 100.705
164.828 104.917
122.119 111.97
121.503 120.427
120.957 128.445
120.541 136.644
112.284 140.267
116.439 142.951
121.635 144.291
127.058 143.423
131.674 141.336
95.5699 110.901
100.364 111.4
105.117 110.985
109.606 110.067
105.079 112.046
100.185 112.55
138.31 112.057
142.414 113.955
146.886 114.367
151.489 114.335
147.117 115.244
142.421 114.527
102.855 156.146
109.079 154.747
115.315 153.97
121.417 154.693
128.129 153.903
134.822 155.059
141.481 156.835
136.443 162.876
129.505 166.768
121.171 168.116
113.347 166.501
107.057 161.983
113.309 156.074
121.345 157.204
130.258 156.643
130.721 160.771
121.368 162.207
113.275 160.074
