86.5865 97.4624
92.2571 94.5675
99.2924 94.9362
105.777 96.8297
112.119 99.3067
134.047 100.981
142.443 99.3277
150.893 98.3257
159.26 100.509
165.621 105.971
121.862 109.766
120.87 117.917
119.796 125.834
118.708 133.692
111.968 138.779
115.497 140.736
120.22 141.885
125.769 141.588
130.687 140.291
94.0912 110.96
99.3057 110.803
104.661 110.243
109.59 109.644
104.603 111.651
99.2232 112.169
138.786 112.151
143.136 113.879
148.406 114.584
153.373 115.027
148.299 116.016
143.049 115.278
103.682 155.674
109.164 153.799
114.952 152.62
120.802 153.603
127.739 152.976
134.549 154.75
141.166 157.463
135.229 162.285
127.921 164.955
120.057 165.635
113.362 164.445
107.577 160.984
112.744 155.92
120.791 156.724
129.908 156.753
129.837 158.345
120.703 159.162
113.008 157.618
