87.9969 98.6798
93.5445 96.2307
100.237 96.7632
106.307 98.512
112.357 100.67
133.481 102.283
141.702 100.883
149.942 100.273
158.057 102.408
164.361 107.759
121.352 111.417
120.434 119.387
119.399 127.052
118.41 134.644
111.82 139.49
115.111 141.559
119.594 142.743
124.971 142.296
129.818 140.808
95.1902 111.892
100.469 111.956
105.627 111.628
110.337 111.215
105.386 112.912
100.061 113.28
138.375 113.455
142.574 115.006
147.756 115.543
152.653 116.163
147.671 116.985
142.526 116.278
103.884 155.849
109.19 153.818
114.702 152.751
120.224 153.622
127.231 153.275
134.196 154.979
140.604 158.098
134.691 162.903
127.363 165.71
119.461 166.21
112.869 164.93
107.283 161.207
112.539 155.669
120.232 156.413
129.352 156.749
129.277 159.39
119.971 159.973
112.425 158.359
