83.2448 105.005
90.4644 99.6316
99.4723 97.382
108.996 98.2012
117.917 100.853
137.576 100.116
143.894 97.3168
150.503 95.0283
157.392 95.2377
163.061 98.9186
129.853 106.98
131.665 116.809
133.455 126.395
135.071 136.006
119.501 141.764
125.562 143.369
132.145 143.602
136.358 142.291
139.823 139.71
95.2902 113.304
101.128 113.013
106.798 112.438
111.961 111.305
107.074 113.411
101.076 114.031
138.577 108.873
144.086 109.536
149.168 109.629
154.655 109.134
149.474 110.5
143.929 110.232
107.885 159.039
116.444 156.868
124.44 155.211
132.84 155.428
137.735 153.585
142.876 154.184
147.328 154.757
143.368 159.233
138.875 162.487
133.174 164.244
124.389 164.497
115.815 162.453
120.296 158.752
132.712 158.393
140.998 156.388
141.136 157.076
132.721 158.858
120.255 159.182
