85.3996 103.202
92.1754 99.372
99.7718 98.4893
107.515 99.3217
114.766 101.414
135.467 100.798
141.669 98.1687
148.077 96.0132
154.877 95.7762
159.709 99.0979
125.724 108.143
126.533 117.196
127.445 125.94
128.258 134.594
117.054 139.119
122.049 140.443
127.58 140.839
131.994 139.68
135.698 137.543
96.0872 112.113
101.244 112.293
106.475 112.002
111.48 110.839
106.629 112.804
101.13 113.347
136.376 109.13
141.301 109.769
146.227 109.774
151.149 109.364
146.579 110.673
141.366 110.582
107.267 154.274
114.276 152.343
121.27 151.403
128.351 151.855
133.387 150.209
138.61 150.316
143.5 150.888
139.823 156.437
134.961 160.629
128.537 162.727
120.518 162.184
113.219 158.937
119.44 154.247
128.697 154.018
135.534 152.626
135.45 153.995
128.22 155.643
118.975 155.402
