84.0182 103.471
91.0768 99.3798
98.9023 98.2659
106.829 98.9918
114.539 101.087
135.551 101.17
142.088 98.7051
148.694 96.6489
155.593 96.5083
160.88 100.046
125.124 109.065
125.714 118.062
126.334 126.693
127.005 135.384
115.802 140.123
120.73 141.866
126.375 142.411
131.283 141.131
135.237 138.567
95.6594 112.098
100.662 112.34
105.688 112.015
110.303 110.999
105.555 112.679
100.406 113.125
137.05 109.693
142.017 110.491
146.56 110.592
151.154 110.279
146.725 111.34
141.857 111.09
105.908 155.563
113.276 153.539
120.538 152.707
127.903 153.199
133.336 151.477
139.093 151.423
144.609 152.06
140.412 157.585
134.956 161.691
128.062 163.715
119.905 163.103
112.249 160.133
118.978 155.741
128.256 155.772
135.505 154.034
135.611 155.297
127.905 157.169
118.735 156.919
