82.3473 104.8
89.4637 99.8705
97.7621 98.1206
106.157 98.6585
114.236 100.806
134.801 99.4311
140.731 96.4719
146.806 94.3888
153.341 94.1165
158.683 97.2342
127.079 107.189
128.775 115.921
130.361 124.58
131.578 133.156
119.015 140.434
124.34 141.124
129.784 140.987
133.775 139.71
137.053 137.514
94.9801 113.538
100.484 113.624
105.708 113.052
110.72 111.317
105.898 113.623
100.386 114.535
135.951 108.522
141.169 109.699
145.785 109.863
150.526 109.208
146.085 110.409
140.955 110.192
109.872 157.657
116.603 155.036
123.244 153.458
130.197 153.369
134.523 151.845
139.135 152.581
143.514 153.935
140.366 159.394
136.11 163.187
130.324 165.331
122.795 164.891
115.889 161.893
120.733 157.182
130.081 156.453
136.933 155.087
137.09 156.303
130.208 158.017
120.766 157.834
