87.0534 97.7632
92.2855 95.1347
98.4062 95.2398
104.238 96.9162
110.155 98.4173
137.308 99.5404
144.996 98.9888
152.673 98.4604
160.012 100.674
166.253 105.651
121.766 111.727
120.486 119.223
119.274 126.366
117.806 133.388
112.588 141.453
115.906 142.831
120.099 143.505
125.12 143.305
129.638 142.434
93.6059 113.324
99.3209 112.778
104.942 112.444
110.151 112.741
104.874 114.725
99.0303 115.258
139.789 114.13
144.662 115.435
150.339 115.971
156.083 116.591
150.59 118.097
144.579 117.332
103.411 159.996
108.568 157.396
114.295 155.693
120.234 156.633
127.258 156.21
133.732 158.28
139.697 161.336
133.653 164.241
126.985 166.411
119.749 166.896
113.584 165.905
108 163.334
112.409 159.443
120.171 159.353
129.508 160.018
129.549 161.684
120.254 161.888
112.669 161.012
