85.6889 99.1233
90.9566 96.6796
97.1082 96.5542
103.195 97.8935
109.285 99.6054
134.242 100.741
141.502 99.5573
148.838 98.7156
155.924 100.297
161.497 104.717
121.761 112.105
121.303 119.152
120.859 126.066
120.186 133.042
113.844 138.987
117.077 140.173
120.988 140.734
125.371 140.39
129.251 139.625
92.477 113.302
98.2805 113.094
104.064 112.588
109.269 112.316
104.134 114.595
98.1567 115.13
136.689 112.926
141.875 114.38
147.292 114.83
152.517 114.913
147.527 116.355
141.649 115.693
104.79 156.655
109.969 154.04
115.358 152.286
121.052 152.467
127.285 152.173
132.746 154.213
137.998 156.767
132.732 158.897
126.888 160.572
120.639 161.195
114.783 160.777
109.467 159.189
113.96 155.964
121.149 155.604
129.28 156.017
129.092 156.719
121.122 156.782
113.945 156.601
