84.137 96.7765
91.9144 95.6435
100.013 96.4786
107.417 98.5263
114.941 99.8421
137.582 100.818
145.113 100.353
152.666 99.0015
159.922 99.399
166.131 102.31
124.791 109.563
123.948 118.909
123.08 128.056
122.33 137.174
110.7 139.397
115.125 142.636
120.725 144.446
126.614 143.805
131.746 141.536
92.9158 108.718
98.0661 109.671
104.218 109.167
109.514 108.521
104.303 109.712
98.4446 109.84
138.958 111.535
144.211 113.763
150.093 114.329
154.946 114.285
149.742 114.789
144.026 113.943
96.1596 151.503
104.03 151.614
112.103 152.762
119.48 154.998
127.035 154.992
134.15 155.843
141.412 157.38
134.452 161.55
126.337 164.342
117.778 164.192
109.01 161.589
102.188 156.85
108.774 155.147
119.071 157.866
129.01 157.869
128.817 158.505
118.625 158.133
108.508 155.212
