83.8749 93.4348
90.9745 91.0465
98.9341 91.3999
106.607 94.2889
114.24 96.0258
140.899 98.3424
150.407 97.7287
159.875 96.803
168.798 99.4207
176.19 105.168
125.988 108.221
124.57 117.741
123.324 127.319
121.948 136.791
112.11 142.926
116.971 145.616
122.568 147.362
129.376 146.963
135.295 145.43
91.5837 105.928
98.5658 104.854
105.5 105.479
111.287 108.124
104.717 109.103
97.6977 108.793
144.717 111.915
150.912 111.706
157.935 112.511
163.781 114.955
157.203 115.87
150.458 114.864
100.675 160.188
107.731 160.136
114.769 159.893
121.923 161.854
130.672 161.97
138.8 164.456
146.851 167.641
138.793 171.728
130.118 175.082
120.861 174.986
112.235 172.177
105.467 166.451
113.026 163.484
121.633 165.153
132.492 166.164
132.385 168.91
121.327 168.34
112.607 165.702
