83.0524 89.5392
90.5218 85.7125
99.3555 86.0123
107.866 89.7976
115.748 93.6844
142.133 95.6089
153.161 93.7276
164.497 92.1101
175.047 95.7538
183.718 103.226
126.515 105.672
124.064 115.479
121.561 125.098
119.331 135.015
111.634 145.094
115.862 146.516
120.97 147.821
128.07 147.878
134.509 147.535
90.8838 106.594
97.6059 104.84
105.168 105.569
112.332 108.169
105.045 109.287
97.5089 109.177
148.028 112.374
154.61 111.066
162.946 111.814
170.039 114.985
162.52 116.249
154.504 115.376
98.5613 165.868
105.284 164.531
112.431 163.069
119.808 165.052
130.27 165.797
139.822 169.46
149.286 173.64
140.319 177.253
129.989 180.128
119.188 179.688
110.625 177.092
103.459 171.893
111.225 168.465
119.748 169.869
132.249 171.511
132.619 173.301
120.203 172.065
111.087 169.923
