81.5675 93.4669
89.1155 89.5315
97.9685 89.7796
106.502 92.7702
114.808 95.2598
140.28 97.2149
150.486 95.7052
160.823 93.9887
170.717 96.7108
178.671 103.491
125.554 106.349
124.097 116.13
122.687 125.74
121.308 135.485
112.217 143.985
116.631 145.316
121.53 146.511
127.948 146.58
133.971 146.033
90.0607 108.163
97.2182 106.618
104.751 106.961
111.19 109.235
104.354 111.352
96.8985 111.342
145.412 112.651
152.126 111.308
160.154 111.667
166.762 114.708
159.735 117.215
151.911 116.25
98.3214 164.594
105.534 162.701
112.904 160.688
120.521 162.398
130.214 162.605
138.737 166.163
146.467 170.696
138.181 173.305
129.252 175.287
120.018 175.038
111.846 173.046
104.575 169.099
110.831 165.637
120.309 166.936
132.187 168.052
132.243 169.155
120.612 168.118
110.844 166.312
