81.4832 94.2164
88.7352 90.5072
97.197 90.1643
105.36 92.5076
113.31 94.8103
140.831 96.563
150.829 95.4634
160.849 93.8886
170.387 96.9317
177.85 103.598
125.471 105.486
124.008 115.281
122.565 124.81
121.133 134.652
112.674 143.569
116.868 145.067
121.794 146.281
128.57 146.174
134.574 145.283
90.7109 108.353
97.6737 107.327
104.897 107.517
111.307 109.241
104.655 111.397
97.3396 111.433
145.329 112.386
151.933 111.372
159.97 111.688
166.464 114.252
159.685 116.694
151.852 115.806
98.507 163.891
105.727 161.946
113.022 159.709
120.785 161.181
130.219 161.357
138.63 165.146
146.711 169.649
138.456 172.424
129.81 174.842
120.578 174.909
112.082 172.992
104.799 168.775
111.289 164.89
120.754 165.799
132.399 167.202
132.668 168.778
121.254 167.894
111.435 166.07
