80.6265 94.2348
88.2062 90.3648
97.0745 90.077
105.597 92.6342
113.849 95.0894
139.95 97.0667
149.744 95.4971
159.783 93.8752
169.27 96.7588
176.831 103.331
124.991 105.701
123.597 115.498
122.179 125.227
120.913 135.125
111.955 143.464
116.38 144.85
121.323 146.07
127.967 145.996
134.015 145.201
89.7662 108.146
97.1314 107.314
104.431 107.601
110.72 108.978
104.005 110.834
96.6472 110.93
144.711 112.225
151.585 111.502
159.501 112.02
165.771 114.412
158.923 116.422
151.163 115.402
97.7272 163.93
105.118 161.766
112.681 159.761
120.493 161.446
130.081 161.672
138.606 165.257
146.323 169.868
138.16 172.587
129.527 175.042
120.321 175.159
111.844 173.226
104.273 168.969
110.78 164.922
120.422 166.161
132.239 167.237
132.295 168.724
120.742 168.007
110.809 166.102
