81.114 93.394
88.6878 89.6611
97.4357 89.5613
105.975 92.3492
114.162 94.6998
140.469 96.9693
150.375 95.6245
160.448 93.867
170.017 96.6331
177.556 103.352
125.51 105.641
123.847 115.375
122.266 125.034
120.764 135.035
111.485 143.766
116 145.283
121.083 146.537
128.007 146.502
134.205 145.645
90.1557 107.929
97.3489 106.591
104.743 107.099
111.013 109.264
104.181 111.263
96.7532 111.212
145.467 112.572
152.125 111.156
160.001 111.588
166.514 114.504
159.64 116.815
151.903 115.937
98.0211 164.046
105.135 162.195
112.618 160.145
120.478 161.767
130.207 162.1
138.896 165.757
146.831 170.403
138.525 173.312
129.403 175.421
120.004 175.337
111.665 173.349
104.127 169.282
110.797 165.361
120.349 166.521
132.094 167.931
132.283 169.33
120.699 168.269
110.917 166.481
