79.6415 93.0194
86.9809 88.8524
95.628 87.9574
104.096 89.9403
112.237 92.7745
139.174 94.6657
149.323 92.9501
159.769 91.9198
169.491 95.2588
176.778 102.545
124.48 105.864
123.158 115.234
121.85 124.498
120.675 133.836
111.638 142.286
115.941 143.862
121.119 145.127
127.649 144.966
133.395 143.96
89.8338 108.176
96.9547 106.917
104.274 107.079
110.696 108.477
104.064 110.633
96.8062 110.787
143.878 111.011
150.851 110.584
158.711 111.176
164.989 113.611
158.132 115.437
150.337 114.424
97.6862 164.084
104.931 161.498
112.633 158.772
120.861 160.127
130.122 160.221
138.03 164.177
144.917 169.323
137.15 171.725
128.816 173.686
120.069 173.721
111.894 171.88
104.394 168.232
111.1 163.87
120.812 164.426
131.763 165.764
131.605 167.714
120.796 166.816
111.159 165.257
