78.5697 94.6012
86.167 89.8849
95.1315 88.7701
103.927 90.9164
112.445 93.4609
139.955 95.1511
149.811 93.0389
159.855 91.7566
169.494 94.2695
176.879 100.851
125.487 106.722
124.822 116.049
124.213 125.201
123.692 134.378
113.568 143.802
118.27 144.8
123.614 145.51
129.539 145.324
134.788 144.644
88.7679 110.066
96.3222 108.405
104.056 108.293
110.52 109.933
103.609 112.874
95.9667 113.126
143.612 111.567
150.357 110.373
158.219 110.544
164.867 112.847
158.079 115.408
150.281 114.613
99.8067 168.182
106.804 163.479
114.7 159.202
123.567 159.974
132.628 159.7
140.396 164.131
146.157 170.163
139.363 173.305
131.323 175.644
122.677 175.91
114.144 174.99
106.332 172.019
113.375 165.427
123.37 164.915
133.925 165.83
133.784 168.96
123.276 168.525
113.313 167.863
