79.2194 95.7885
86.9669 90.7132
96.4061 89.2607
105.888 91.2486
114.875 94.4166
141.378 95.4442
150.872 92.87
161.035 91.2622
170.696 93.3355
177.739 100.168
127.632 106.649
127.058 116.068
126.69 125.37
126.351 134.711
116.565 144.586
121 145.417
126.229 146.065
131.875 145.656
136.773 145.024
89.6791 109.465
97.1993 106.161
105.331 106.232
111.926 109.837
104.812 112.453
96.9121 112.754
145.88 111.374
152.56 107.793
160.859 107.626
167.876 111.689
160.893 114.676
152.847 114.167
101.917 169.785
108.916 164.486
116.93 160.067
126.134 160.665
135.377 160.317
143.23 165.039
148.995 171.472
142.169 174.971
134.339 177.37
125.887 177.658
117.004 176.732
108.836 173.95
115.428 166.505
126.142 165.927
136.735 166.791
136.439 170.046
126.016 169.801
115.528 169.196
