77.7578 95.7715
85.2874 91.1263
94.257 89.6796
103.121 91.7637
111.666 94.5392
139.482 95.9565
149.553 93.4636
160.144 91.9504
170.189 94.6639
178.025 101.237
125.246 107.855
124.709 117.31
124.229 126.61
123.823 135.979
113.823 145.094
118.607 146.102
123.899 146.725
129.982 146.277
135.43 145.505
88.3112 110.821
95.7619 109.303
103.625 109.326
110.24 110.671
103.16 113.475
95.3777 113.769
144.039 112.165
150.652 111.024
158.655 111.028
165.49 113.089
158.57 115.711
150.768 115.094
99.8275 169.929
106.756 164.959
114.857 160.733
123.884 161.476
133.138 160.962
141.067 165.422
146.889 171.72
140.134 175.08
132.056 177.63
123.286 178.075
114.477 176.94
106.547 173.839
113.096 167.02
123.715 166.33
134.851 167.139
134.714 170.854
123.67 170.649
113.1 169.766
