77.3755 95.4179
84.7944 90.2259
93.9638 88.539
103.351 90.2251
112.388 93.0591
138.571 94.9113
148.389 92.1141
159 90.4616
168.929 92.9268
176.173 100.093
125.599 105.277
124.982 114.601
124.617 123.838
124.351 133.128
114.333 142.999
118.947 143.734
124.187 144.24
129.762 143.774
134.442 143.077
87.2267 108.61
94.9028 105.012
103.371 105.01
110.137 109.045
102.834 111.992
94.5865 112.173
143.139 110.456
150.158 106.627
158.801 106.447
165.915 110.669
158.718 114.096
150.392 113.656
100.296 168.547
107.222 163.165
115.135 158.502
124.271 159.159
133.244 158.64
140.918 163.469
146.446 169.97
139.748 172.816
132.241 175.067
124.105 175.378
115.462 174.431
107.349 171.965
113.714 164.958
124.206 164.3
134.523 165.188
134.431 168.104
124.272 167.628
113.922 167.215
