78.6322 92.0688
85.4885 86.4393
94.6733 85.6447
103.75 88.4689
112.54 91.5605
140.066 92.821
149.467 90.2496
159.319 88.5772
168.78 91.2694
175.26 98.7616
126.077 106.857
125.524 115.522
125.057 123.914
124.533 132.247
115.355 142.761
119.538 143.486
124.985 144.027
130.39 143.449
134.946 142.854
88.0968 107.527
95.2484 104.038
103.122 104.655
109.974 108.418
102.375 110.295
94.6038 110.19
142.602 109.199
149.303 105.564
157.544 106.407
164.245 111.033
156.934 112.601
149.197 111.993
103.44 166.697
109.793 161.815
117.124 157.738
125.287 158.447
133.972 158.014
141.118 162.174
146.011 167.784
139.786 170.656
132.765 173.136
124.965 173.571
116.902 172.946
109.656 170.143
116.226 163.633
124.965 162.97
134.203 163.993
134.177 167.23
125.151 166.477
116.612 166.664
