80.5649 97.7651
87.3279 93.7725
95.5813 92.7603
103.983 94.5108
112.067 97.0548
138.256 97.6657
145.73 95.0796
153.691 92.8914
161.425 93.8296
166.827 98.8657
125.698 108.243
126.034 117.618
126.437 126.695
126.667 135.69
116.393 140.808
120.636 142.572
125.593 143.356
130.79 142.399
135.163 140.791
91.6478 112.074
98.0393 112.407
104.558 111.745
110.025 109.86
104.523 113.158
97.8271 114.049
139.697 109.961
145.231 112.168
151.441 112.622
156.974 112.16
151.414 113.757
145.092 112.795
104.85 161.972
111.138 157.873
118.305 155.042
125.916 155.4
132.861 154.386
139.273 156.52
144.127 160.676
139.132 165.228
132.978 168.237
125.779 169.149
118.008 168.349
111.231 165.812
116.968 159.547
125.875 159.03
134.417 159.019
134.278 161.71
125.8 162.351
117.173 161.482
