78.6523 102.462
85.5142 98.4835
93.8178 97.3835
102.194 98.5622
110.137 100.8
135.262 98.7039
142.833 95.5335
150.7 93.0249
158.394 93.3155
164.235 97.7448
124.022 109.174
124.887 119.542
125.88 129.5
126.766 139.324
115.846 142.142
120.657 144.379
126.364 145.115
131.944 143.586
136.401 140.867
90.5217 113.691
96.975 113.915
103.42 113.081
108.421 111.195
103.175 114.445
96.5622 115.419
137.13 109.201
142.806 110.804
148.815 110.697
154.255 109.782
148.927 111.903
142.588 111.479
105.581 163.203
112.353 159.016
119.686 156.109
127.429 156.321
134.27 154.641
140.724 155.795
146.347 158.698
141.862 163.944
135.841 167.879
128.314 169.686
119.955 169.258
112.517 166.774
118.315 160.077
127.604 159.724
136.351 158.246
136.579 160.807
127.725 162.526
118.642 162.131
