78.4542 102.389
85.4279 98.3113
93.9592 97.1804
102.569 98.4352
110.683 100.885
135.312 99.2122
142.906 95.9567
150.88 93.6097
158.621 94.1093
164.469 98.576
123.818 109.656
124.835 119.723
125.86 129.446
126.73 138.978
115.273 142.093
120.073 144.427
125.724 145.172
131.286 143.775
135.73 141.116
90.5604 113.836
97.0216 113.794
103.625 112.834
108.64 111.009
103.35 114.467
96.6633 115.506
137.043 109.276
142.853 110.944
149.024 110.974
154.305 110.472
148.93 112.305
142.606 111.645
105.424 162.942
112.108 158.965
119.238 156.054
126.806 156.355
133.589 154.888
139.883 156.304
145.381 159.098
140.807 164.223
134.883 167.942
127.544 169.541
119.429 169.022
112.224 166.558
117.811 159.971
127.068 159.742
135.813 158.6
135.807 160.855
126.965 162.197
118.072 161.783
