78.9095 93.868
86.2441 89.5102
95.2759 88.3479
104.251 90.3831
112.882 93.6028
137.866 95.7223
146.048 92.8634
154.648 91.5013
162.994 92.9587
168.133 99.2343
125.939 106.301
126.442 115.438
126.997 124.495
127.494 133.172
116.108 141.118
120.517 141.874
125.392 142.532
130.221 142.193
134.056 141.607
88.0973 108.219
95.4304 108.235
102.828 107.997
109.453 107.686
102.607 109.429
95.0641 109.914
139.103 108.851
145.722 109.655
152.402 110.293
158.466 111.431
152.459 111.628
145.67 110.701
102.851 164.689
109.704 159.267
117.501 155.646
125.831 156.138
133.265 155.376
139.191 159.476
142.992 165.083
137.662 168.254
131.629 170.397
124.656 171.015
116.776 170.051
109.743 167.902
114.689 161.244
125.492 160.925
134.611 161.781
133.82 163.618
125.037 163.544
114.661 163.297
