77.7279 93.9897
85.3931 89.5109
94.8889 88.4675
104.285 90.5267
113.299 93.4142
139.135 95.8786
147.544 93.1457
156.577 91.6619
165.127 93.1764
170.66 99.3833
127.24 107.531
127.728 116.796
128.308 126.012
128.909 135.078
117.549 143.737
122.191 143.961
126.929 144.367
131.356 144.063
135.151 143.727
87.7222 109.237
95.2124 106.292
103.274 106.116
109.869 109.699
102.867 112.803
94.687 112.963
139.974 110.773
147.031 107.681
154.901 107.545
161.647 111.377
155.098 114.568
147.11 114.133
104.078 168.857
110.917 163.284
118.599 159.11
126.956 159.733
134.315 158.901
140.421 162.977
144.621 168.562
139.189 171.002
133.264 172.582
126.549 173.018
118.646 172.521
111.146 171.22
116.475 165.203
126.763 164.669
135.485 165.347
135.065 166.697
126.548 166.267
116.452 166.692
