78.8359 94.7936
86.2245 90.1016
95.6332 89.0967
104.962 91.0796
113.739 94.0869
140.168 96.5123
148.351 93.6804
157.151 92.2004
165.545 93.5699
170.813 99.8358
127.459 108.146
128.01 117.173
128.64 126.123
129.296 134.861
117.767 143.098
122.427 143.626
127.355 144.099
131.959 143.819
135.677 143.31
88.822 108.62
96.0767 105.927
103.867 105.858
110.218 109.455
103.299 112.286
95.3584 112.416
140.736 110.581
147.592 107.69
155.202 107.603
161.755 111.407
155.275 114.517
147.551 113.956
104.532 167.677
111.423 162.37
119.127 158.583
127.497 159.36
134.643 158.456
140.599 162.454
144.89 167.721
139.384 170.725
133.204 172.345
126.541 172.607
118.756 172.019
111.391 170.504
116.663 164.444
127.169 164.131
135.831 164.81
135.234 165.962
126.814 165.586
116.632 165.764
