75.8257 94.7001
83.4913 89.722
93.2916 88.2246
103.158 89.883
112.349 92.658
138.98 94.6561
146.999 92.2071
155.728 91.013
164.147 92.519
169.824 98.3427
126.42 106.97
126.847 115.963
127.411 124.82
128.009 133.38
117.012 142.882
121.628 142.92
126.319 143.128
130.952 143.033
134.901 143.094
87.2454 109.339
94.3978 106.374
102.147 106.048
108.721 109.383
101.885 112.488
93.9872 112.782
139.519 110.34
146.443 107.371
154.014 107.43
160.647 111.139
154.189 114.133
146.449 113.492
104.294 168.478
110.828 162.461
118.553 158.374
126.931 158.732
134.36 158.067
140.473 162.379
144.301 168.224
139.123 171.206
133.202 172.788
126.531 173.201
118.626 172.68
111.215 171.274
116.506 164.575
126.793 163.942
135.385 164.715
134.768 166.458
126.545 166.243
116.594 166.418
