78.0461 95.465
85.6847 90.1288
95.5909 89.5496
105.236 92.6212
114.593 96.0002
138.917 97.5572
147.768 94.9965
157.089 93.1549
166.152 94.7097
172.174 101.667
126.862 109.281
126.783 117.538
126.838 125.94
126.922 134.098
116.812 144.012
121.078 144.571
125.871 145.099
130.331 144.825
133.988 144.604
87.1474 108.682
94.9678 104.937
103.409 105.533
110.4 110.428
102.429 112.975
93.7443 113.016
139.9 111.484
147.291 107.392
155.64 107.822
162.925 112.748
155.614 115.837
147.314 115.214
104.069 169.176
110.415 163.958
118.076 159.777
126.572 159.951
134.244 159.719
140.475 163.774
144.785 169.469
139.282 172.514
133.213 174.404
126.11 175.026
117.994 174.688
110.549 172.713
116.145 165.416
126.162 164.489
135.356 165.511
134.918 168.587
126.017 168.668
116.267 168.708
