77.4503 95.2847
85.1989 89.6325
95.2922 89.0287
105.088 92.288
114.32 95.9967
138.786 98.1162
147.825 95.3249
157.468 93.6186
166.905 95.4921
173.032 102.975
126.796 110.061
126.668 118.312
126.77 126.658
126.839 134.843
116.725 144.076
120.981 144.878
125.83 145.497
130.319 145.206
134.001 144.804
87.0404 108.567
94.8012 104.818
103.351 105.601
110.338 110.817
102.236 113.365
93.5404 113.259
140.389 112.166
147.5 107.782
155.746 108.21
162.925 113.162
155.866 116.243
147.658 115.683
103.786 169.447
110.49 164.127
118.1 159.888
126.401 160.404
133.991 159.934
140.282 164.124
144.791 169.836
139.66 173.72
133.435 176.363
125.894 176.944
117.451 176.296
109.994 173.601
115.93 165.489
125.955 164.611
135.275 165.801
135.083 169.761
125.998 170.06
116.065 169.674
