79.023 94.7025
86.4775 89.3833
96.3213 89.1465
105.713 92.2345
114.749 95.9449
138.415 97.4778
147.419 94.5431
156.908 92.6408
166.149 94.2942
172.309 101.192
127.215 107.918
127.075 116.352
126.973 125.069
126.915 133.488
117.389 142.584
121.749 143.169
126.597 143.654
130.958 143.329
134.565 143.112
88.2705 107.616
95.7819 104.027
104.027 104.543
110.918 109.452
102.982 111.835
94.5926 111.801
140.782 110.53
147.806 106.296
156.017 106.652
163.229 111.329
156.18 114.412
148.151 113.854
104.897 167.202
111.248 161.906
118.753 157.892
126.911 158.218
134.49 157.82
140.843 161.766
145.251 167.258
140.128 171.002
133.94 173.34
126.465 173.898
118.269 173.485
110.913 171.178
117.052 163.538
126.694 162.577
135.529 163.536
135.16 166.41
126.501 166.711
117.158 166.72
