78.7605 94.8557
86.5169 89.759
96.375 89.6538
105.803 92.8412
114.762 96.5436
138.623 97.8743
147.479 95.1196
156.875 93.2901
166.202 94.8687
172.348 102.115
126.71 108.994
126.684 117.453
126.69 126.138
126.741 134.609
116.871 143.739
121.124 144.327
125.842 144.889
130.246 144.689
133.931 144.575
87.7137 108.598
95.564 104.855
104.074 105.443
111.089 110.605
103.011 112.938
94.3247 112.964
140.143 111.51
147.179 107.315
155.455 107.899
162.584 112.894
155.533 115.828
147.411 115.058
104.39 168.083
110.859 162.899
118.317 159.056
126.315 159.549
133.95 159.038
140.196 162.869
144.289 168.567
139.396 172.391
133.387 174.86
126.113 175.538
117.808 175.062
110.407 172.373
116.115 164.841
125.959 163.927
135.128 164.941
134.972 168.044
126.022 168.292
116.177 168.201
