78.7356 95.7502
86.2549 90.6651
95.9963 90.357
105.367 93.5038
114.256 96.9641
138.239 98.0004
147.122 94.9804
156.598 93.2498
165.874 95.0728
172.09 102.13
126.871 109.347
126.894 117.752
126.998 126.342
126.982 134.667
116.998 143.606
121.264 144.39
126.306 145.1
130.819 144.652
134.385 144.242
87.6842 109.144
95.0884 105.732
103.622 106.278
110.757 110.84
102.669 113.366
94.0726 113.328
140.379 111.659
147.112 107.611
155.264 108.048
162.584 112.633
155.495 115.606
147.445 115.072
104.666 168.264
111.155 163.214
118.698 159.305
126.946 159.738
134.506 159.127
140.782 163.025
144.955 168.476
139.98 172.142
133.975 174.77
126.592 175.523
118.198 174.957
110.865 172.269
116.831 164.793
126.64 163.887
135.506 164.814
135.265 168.119
126.495 168.495
116.849 168.433
