77.7915 94.9853
85.6805 89.6755
95.8498 89.3139
105.649 92.5652
114.919 96.2485
138.763 98.0399
147.595 94.9143
157.029 92.9069
166.233 94.4517
172.436 101.511
127.38 108.871
127.439 117.554
127.586 126.343
127.78 135.021
116.958 144.29
121.6 145.2
126.826 145.844
131.403 145.324
135.12 144.715
87.0456 108.406
94.7794 104.611
103.398 105.239
110.382 110.448
102.293 112.803
93.6632 112.842
140.723 111.472
147.681 107.096
156.031 107.34
163.313 112.17
156.196 115.328
148.101 114.821
104.023 169.123
111.112 163.948
118.767 159.634
127.28 159.978
135.052 159.573
141.427 163.841
145.679 169.571
140.555 173.465
134.585 176.05
127.153 176.697
118.477 176.267
110.552 173.609
116.648 165.66
127.028 164.435
136.362 165.647
135.93 168.719
126.916 169.01
116.713 169.134
