77.9231 94.7887
85.4991 89.6123
95.3987 89.1466
104.983 92.3889
114.019 96.2399
138.909 97.7445
147.766 94.6088
157.126 92.6222
166.335 94.0113
172.395 100.913
127.259 108.234
127.182 116.81
127.116 125.601
127.155 134.173
116.965 143.885
121.542 144.701
126.497 145.284
131.142 144.739
134.957 144.182
87.1591 108.455
94.7024 104.877
103.144 105.356
110.084 110.054
102.218 112.522
93.7135 112.609
140.326 110.778
147.238 106.709
155.598 107.154
163.038 111.854
155.734 114.895
147.638 114.282
104.604 169.02
111.328 163.82
118.937 159.63
127.277 159.847
134.926 159.435
141.172 163.499
145.947 168.997
140.354 172.519
134.253 174.974
126.9 175.746
118.573 175.317
111.042 172.883
117.076 165.456
126.972 164.49
136.014 165.455
135.62 168.063
126.784 168.273
117.078 168.325
