79.6009 97.2651
86.7 93.2638
95.8005 93.8541
104.484 96.4639
112.775 99.5095
133.795 99.3267
141.773 95.6631
150.294 93.0025
158.937 92.9937
165.732 97.6572
123.901 107.938
124.322 117.712
124.734 127.328
124.835 136.674
115.7 141.88
119.608 143.66
124.351 144.475
129.393 143.522
133.411 141.717
88.5526 108.028
95.2386 104.83
102.878 105.268
109.333 109.368
102.237 111.921
94.5184 112.23
137.283 108.903
143.04 105.078
150.405 104.954
157.276 107.994
151.14 111.94
143.615 111.773
105.892 163.742
111.536 159.035
118.263 155.852
125.702 156.307
133.003 155.308
139.288 157.514
144.622 161.454
139.302 166.536
133.017 170.33
125.41 171.537
118.024 170.949
111.456 168.065
116.692 160.919
125.792 160.142
134.777 160.242
134.404 162.225
125.224 163.141
116.449 162.951
