78.8119 97.6092
86.1325 93.7577
95.2306 94.4315
103.925 97.0905
112.326 99.9506
133.879 99.3858
142.193 95.8437
151.079 93.2639
159.889 93.57
166.662 98.6797
123.191 108.11
123.597 118.219
124.123 128.037
124.415 137.514
115.357 142.829
119.113 144.772
123.859 145.651
129.126 144.566
133.277 142.227
87.6766 108.791
94.5464 105.392
102.193 105.629
108.6 109.277
101.688 112.579
93.8278 113.001
137.507 108.807
143.364 105.087
150.885 104.986
157.89 108.317
151.622 112.279
143.852 112.029
105.291 164.685
111.126 160.162
117.782 156.852
125.142 157.466
132.472 156.153
138.847 158.468
144.071 162.407
138.83 167.496
132.404 171.19
124.684 172.439
117.374 171.753
110.816 168.923
115.614 162.007
125.085 161.558
134.03 161.281
133.841 163.204
124.529 164.159
115.424 163.918
