79.5064 98.7437
86.2951 94.8239
95.227 95.3662
103.585 97.5555
111.545 100.054
134.235 99.7873
142.574 96.2818
151.592 93.7675
160.579 94.5409
166.947 100.237
123.539 108.653
124.027 118.673
124.428 128.545
124.842 138.198
114.766 142.818
119.073 144.908
123.985 146.017
129.302 144.911
133.424 142.593
88.3933 109.932
95.6201 107.209
103.173 107.267
109.689 110.789
102.79 114.717
94.7782 115.055
137.581 110.388
143.454 106.942
150.737 106.583
157.65 109.487
151.598 114.372
143.808 114.199
105.097 164.918
111.275 160.451
118.063 157.026
125.188 157.82
132.236 156.519
138.578 158.706
143.764 162.4
138.789 167.781
132.511 171.578
124.772 172.55
117.282 172.201
110.599 169.329
115.781 162.116
125.104 161.61
133.82 161.305
133.885 163.557
124.835 164.406
115.705 164.333
