80.4668 98.0463
87.1587 94.5641
95.748 94.6703
103.919 96.5561
111.898 98.9559
136.456 99.2424
144.514 96.0736
153.062 93.9324
161.453 94.8143
167.469 99.995
124.86 108.932
125.343 118.722
125.826 128.203
126.392 137.538
116.24 142.282
120.491 144.241
125.419 145.212
130.532 144.18
134.619 141.909
90.3408 110.398
97.1252 108.275
104.459 107.967
110.584 110.039
104.315 114.09
96.7705 114.64
138.368 109.836
144.343 108.073
151.25 107.861
157.308 109.73
151.743 114.19
144.306 113.711
106.239 163.938
112.355 159.633
119.105 156.505
126.219 157.254
133.027 155.907
139.208 158.132
144.346 161.758
139.737 167.176
133.57 171.001
125.948 172.086
118.219 171.573
111.6 168.551
116.968 161.546
126.172 161.103
134.722 160.668
134.826 162.967
125.9 164.101
116.874 163.573
