80.687 99.1227
87.2857 95.0879
96.0141 94.9404
104.354 96.8682
112.513 99.1283
136.113 99.2025
144.493 96.1105
153.25 93.825
161.85 94.8644
167.907 100.418
125.043 108.846
125.598 118.78
126.099 128.493
126.591 138.01
116.485 141.562
120.573 143.748
125.469 144.891
130.695 143.905
134.956 141.69
91.051 110.347
97.948 108.5
105.108 108.2
111.16 110.003
104.866 113.971
97.4385 114.59
138.677 109.728
144.737 108.125
151.614 107.973
157.758 109.688
152.008 114.069
144.602 113.623
106.492 163.438
112.571 159.2
119.325 156.231
126.254 156.891
133.153 155.585
139.233 157.651
144.262 160.995
139.463 166.345
133.386 170.373
125.708 171.47
118.192 171.027
111.784 168.035
117.209 160.996
126.105 160.608
134.578 159.947
134.45 162.224
125.691 163.427
117.083 162.782
