79.6257 99.6845
85.9649 95.3893
94.6567 95.245
102.943 97.0467
110.97 99.3136
134.956 99.5147
143.125 96.6224
151.623 94.2903
159.974 94.9629
165.861 100.463
123.945 109.093
124.53 118.902
125.018 128.5
125.502 137.813
115.829 141.694
119.813 143.568
124.512 144.572
129.577 143.582
133.534 141.517
90.3272 110.893
96.7556 108.477
103.841 107.982
110.013 110.247
103.86 114.033
96.523 114.69
137.394 109.92
143.341 107.954
150.088 107.845
156.197 109.816
150.545 113.87
143.3 113.558
105.159 163.347
111.327 159.156
118.167 156.148
125.318 156.895
132.073 155.59
138.131 157.496
143.153 160.969
138.547 166.337
132.488 170.344
124.752 171.551
117.066 170.976
110.566 167.919
116.23 160.832
125.309 160.611
133.568 159.944
133.618 162.444
124.937 163.535
116.064 163.101
