81.0532 100.004
87.941 96.2542
96.5476 96.08
104.966 97.8338
113.003 100.365
136.049 100.735
143.413 97.9166
151.195 95.7862
158.784 95.9705
164.662 100.392
124.977 109.585
125.319 119.349
125.531 128.898
125.86 138.396
114.567 140.801
119.091 143.827
124.498 145.125
129.92 144.03
134.616 141.356
92.3412 111.241
98.3392 109.776
104.907 109.314
110.217 110.472
104.732 113.809
98.0884 114.425
137.328 110.39
143.462 109.887
149.541 110.048
154.843 111.208
149.546 114.298
142.928 113.82
103.269 159.393
110.101 156.255
117.3 154.573
124.381 155.649
131.245 154.444
137.798 155.648
143.782 157.877
138.001 162.38
131.142 165.618
123.568 166.425
116.112 165.515
109.605 162.934
115.02 158.207
124.184 159.054
133.184 158.108
133.202 159.39
124.083 160.056
115.053 159.124
