81.4981 99.3386
88.3185 95.661
96.8929 95.6958
105.254 97.7599
113.236 100.421
136.991 100.927
144.335 97.8838
152.046 95.6675
159.667 95.8516
165.331 100.482
125.4 109.12
125.573 118.704
125.737 128.13
125.931 137.618
115.148 140.467
119.479 142.89
124.668 144.033
130.032 143.093
134.856 140.794
92.0694 110.982
98.3551 109.762
105.084 109.296
110.601 110.11
104.967 113.401
98.067 114.091
137.711 110.186
143.925 109.715
150.292 109.906
155.712 111.031
150.297 114.269
143.511 113.7
104.383 159.82
111.028 156.718
118.01 154.76
125.161 155.718
132.148 154.559
138.747 155.793
145.253 157.688
139.274 162.071
132.528 165.344
124.896 166.463
117.413 165.474
110.916 162.994
116.137 158.371
125.221 159.218
134.581 157.9
134.753 159.143
125.376 160.263
116.359 159.214
