80.6392 99.3167
87.638 95.88
96.2473 95.8488
104.724 97.8525
112.828 100.48
136.789 100.455
144.434 97.3737
152.416 95.0171
160.186 95.3832
165.892 100.095
124.952 109.489
125.246 119.265
125.515 128.764
125.819 138.27
115.072 140.855
119.495 143.441
124.796 144.552
130.285 143.423
135.007 140.872
91.5785 110.786
98.1223 109.328
105.048 108.886
110.705 109.994
104.948 113.685
97.8323 114.254
137.39 109.865
143.877 109.208
150.304 109.351
156.028 110.728
150.352 114.091
143.429 113.521
103.617 160.027
110.404 156.938
117.619 154.983
124.898 155.965
132.218 154.6
139.018 156.091
145.497 158.048
139.4 162.304
132.422 165.592
124.508 166.504
116.914 165.739
110.236 163.229
115.57 158.691
124.868 159.366
134.372 158.181
134.418 159.198
124.853 160.171
115.731 159.25
