80.3706 99.026
87.5527 95.5589
96.3716 95.6059
104.946 97.5135
113.201 100.124
136.345 100.636
144.129 97.6311
152.245 95.3282
160.253 95.527
166.37 100.036
125.125 109.002
125.533 118.995
125.859 128.811
126.168 138.679
114.409 141.112
119.132 143.969
124.8 145.326
130.654 144.191
135.664 141.363
91.5127 110.718
97.9587 109.259
104.834 108.878
110.499 109.873
104.638 113.389
97.7292 114.035
137.858 109.992
144.3 109.454
150.698 109.625
156.102 110.868
150.55 114.107
143.782 113.587
103.605 161.033
110.447 157.617
117.813 155.65
125.118 156.894
132.456 155.351
139.527 156.701
146.238 158.521
139.802 162.749
132.545 165.826
124.653 166.682
117.204 166.077
110.412 163.981
115.6 159.449
125.084 160.411
134.973 158.734
135.041 159.495
125.08 160.75
115.716 159.816
