79.7302 95.8727
87.0048 92.544
95.7789 93.2261
104.204 96.1562
112.317 99.3762
135.831 99.2115
144.028 95.8445
152.682 93.2436
161.14 93.4259
167.419 98.5836
125.065 108.325
125.312 118.548
125.682 128.316
126.107 138.333
115.221 142.121
119.567 144.331
124.621 145.241
130.13 144.213
134.788 141.711
91.5335 110.633
97.7603 108.978
104.432 108.532
110.782 109.39
104.84 113.024
97.6306 113.777
138.562 109.441
144.295 108.646
150.673 108.847
156.52 110.294
151.105 113.541
144.174 112.997
103.617 160.665
109.913 157.84
116.822 156.45
123.77 157.704
130.583 156.395
137.225 157.436
143.621 159.247
138.346 165.286
131.649 170.044
123.363 171.834
115.277 170.372
108.936 166.169
114.265 160.545
123.659 161.492
133.282 160.036
133.532 162.79
123.591 164.835
113.989 162.904
