79.4863 87.3616
87.2418 84.9534
95.9633 88.1601
103.56 92.6548
110.433 97.02
137.695 97.7618
145.035 93.6369
152.838 89.5097
161.124 87.9981
167.656 91.9276
124.705 109.219
124.723 118.824
124.881 128.711
124.871 138.287
114.802 143
119.253 145.293
124.282 146.273
129.448 145.359
133.847 143.553
88.1988 108.933
95.2684 106.973
103.041 107.504
110.397 110.735
102.999 114.191
94.7437 114.311
137.941 111.228
144.235 108.389
151.758 108.56
159.01 111.209
152.445 115.947
144.411 115.809
104.04 164.084
110.32 160.526
117.492 157.81
124.956 158.539
131.582 157.86
137.672 160.032
142.979 162.901
137.726 167.716
131.529 171.369
123.88 172.53
116.277 171.591
109.712 168.404
114.486 162.516
124.57 162.591
133.533 162.255
133.22 164.693
124.091 165.311
114.268 164.486
