80.4729 84.4171
87.3558 81.9661
95.5722 85.6262
102.602 90.5054
109.166 94.1786
140.439 96.1069
148.301 92.1881
157.062 88.6077
166.182 88.1816
173.415 93.1321
124.123 108.862
123.545 118.726
122.867 129.181
122.042 139.211
112.686 145.628
116.973 147.861
122.209 148.972
127.67 148.735
132.833 147.815
89.1918 107.731
96.1401 104.993
103.866 106.223
110.538 110.669
102.896 113.722
94.7014 113.401
141.595 112.883
148.116 108.726
156.242 109.119
163.347 113.396
156.446 117.541
148.078 117.519
102.911 168.069
108.583 164.239
115.616 161.733
122.887 162.752
131.33 162.627
138.953 166.158
145.592 170.758
138.964 175.662
130.817 179.38
121.632 179.985
113.677 178.314
107.328 173.811
111.93 166.603
122.663 167.165
134.262 167.974
134.1 171.431
122.186 171.269
111.594 169.951
