79.69 86.1971
86.8526 83.4066
95.4563 87.0247
102.938 91.8778
109.949 95.9254
138.596 97.9439
146.767 93.8065
155.837 89.9431
165.253 89.2521
172.253 94.7681
123.872 109.23
123.285 119.374
122.646 129.905
121.802 140.131
112.63 145.657
116.998 147.681
122.226 148.778
127.658 148.332
132.686 147.249
88.2302 108.23
95.3253 105.396
103.193 106.33
110.354 110.82
102.509 113.969
94.028 113.798
140.036 113.225
146.975 109.037
155.382 109.172
162.728 113.191
155.733 117.695
147.063 117.788
102.777 167.153
108.476 163.623
115.439 161.143
122.712 162.259
130.673 161.87
138.021 165.004
144.519 168.989
138.109 173.787
130.689 177.484
121.824 178.442
113.961 176.818
107.596 172.693
112.072 166.196
122.609 167.301
133.478 167.547
133.313 169.771
122.495 169.846
112.07 168.531
