83.2669 95.0431
89.5991 91.7284
97.6014 92.3857
105.134 94.923
112.309 97.6793
137.397 100.459
145.809 98.5402
154.571 97.2059
163.143 98.859
169.391 104.493
124.246 108.912
123.313 118.296
122.476 127.64
121.703 136.914
113.047 140.906
116.872 143.247
121.342 144.737
126.877 144.484
131.688 143.321
92.8291 108.429
99.3812 106.852
106.109 107.066
111.684 109.442
105.81 111.979
99.1009 112.047
140.069 112.547
146.171 111.445
153.02 111.91
158.422 114.723
152.627 117.348
145.721 116.315
102.13 160.926
107.86 157.587
114.459 155.529
121.179 156.881
128.729 156.601
135.313 159.751
140.735 164.142
134.693 168.167
127.603 170.532
119.863 170.55
112.802 169.16
106.768 165.731
112.12 160.264
121.087 161.165
130.419 161.912
130.183 163.615
120.609 163.211
111.748 162.007
