84.5121 84.4062
89.9958 80.8785
97.2884 82.1559
104.068 86.0177
110.408 90.1281
142.012 93.784
150.52 91.302
159.38 90.0243
168.149 92.3232
174.72 98.4835
124.77 108.157
123.375 117.544
122.221 127.326
121.198 136.562
111.176 142.243
115.225 145.064
120.776 146.695
127.001 146.565
132.825 145.669
94.1927 109.938
99.796 110.284
105.727 110.396
111.414 109.496
105.659 111
99.6181 111.185
143.156 114.07
148.571 116.498
154.587 117.421
160.568 117.451
154.701 118.087
148.589 117.023
100.825 163.609
106.562 159.739
113.321 156.929
120.801 158.371
128.868 158.856
135.778 163.092
141.267 168.771
134.962 173.246
127.28 176.396
118.618 176.512
110.801 174.483
104.905 169.498
110.578 161.898
120.245 162.296
130.775 164.144
130.369 168.907
119.851 168.618
110.196 166.479
