81.7498 90.8546
88.3541 86.9262
96.7954 87.0187
105.04 89.3512
112.796 92.8429
139.743 95.479
148.715 93.658
158.022 92.9838
166.966 94.8532
173.586 100.545
124.934 107.779
123.808 117.109
122.893 126.274
121.786 135.307
113.177 142.152
117.397 143.629
122.34 144.802
127.904 144.649
132.665 144.037
91.7815 110.245
97.9033 110.289
104.086 109.913
110.128 108.999
104.312 110.798
98.1101 111.222
142.682 111.714
148.117 114.212
154.329 115.06
160.111 115.422
154.18 116.05
147.907 114.7
100.811 162.911
107.342 160.02
114.5 157.731
121.927 158.712
129.99 158.623
136.955 161.804
142.793 165.968
136.054 168.869
128.7 170.844
120.941 170.792
113.505 169.59
106.823 166.602
112.587 162.527
121.727 162.784
131.558 163.895
131.426 164.924
121.588 164.429
112.494 163.459
