82.6061 95.3828
89.6256 91.8791
98.166 91.9899
106.463 94.621
114.304 98.0355
138.581 100.896
146.546 98.7474
154.902 97.468
162.866 98.4532
168.227 103.907
125.731 109.705
125.278 119.389
124.885 128.843
124.482 138.226
114.319 141.725
118.281 144.01
122.967 145.196
128.518 145.011
133.163 143.472
92.7771 110.931
98.9417 111.369
105.27 110.926
110.962 109.929
105.319 111.971
99.0286 112.316
139.441 112.583
144.985 115.18
151.138 115.949
156.649 115.849
150.954 116.947
144.634 115.607
101.679 159.408
108.477 157.356
115.495 156.213
122.352 157.052
129.029 157.024
135.271 158.735
140.755 161.595
134.895 165.396
128.361 167.963
121.144 168.28
113.716 166.808
107.406 163.681
113.078 159.992
121.899 160.732
130.556 161.009
130.436 161.922
121.739 161.958
112.835 160.577
