96.5813 99.0071
101.77 99.0818
106.527 101.605
110.661 104.394
114.752 106.975
130.923 106.325
136.602 103.09
143.014 100.268
149.868 99.8733
156.031 102.395
121.432 113.064
119.41 119.303
117.585 125.771
115.996 132.504
113.077 136.427
115.781 138.046
119.019 139.171
123.682 138.682
128.288 137.422
102.2 111.332
106.169 109.802
111.222 110.583
115.623 112.822
110.876 114.55
105.793 114.181
136.25 114.29
140.166 112.044
145.376 111.768
150.502 113.972
145.801 116.034
140.659 116.166
109.85 153.036
112.43 149.184
116.545 146.778
121.524 147.186
128.518 147.231
134.867 149.98
140.043 154.564
136.584 160.62
130.653 165.222
123.168 166.354
116.669 164.292
111.956 159.261
115.692 149.945
121.772 149.974
131.152 150.703
132.121 159.645
122.667 161.441
115.595 158.788
