93.3314 102.6
98.273 101.248
103.703 103.45
108.246 105.861
112.845 108.207
131.347 107.234
137.056 104.111
143.247 101.347
150.246 100.57
156.398 103.416
120.791 115.199
119.803 121.763
118.752 128.397
117.894 135.154
112.599 138.607
116.102 140.996
120.292 142.459
125.078 141.36
129.752 139.681
99.6068 113.726
104.448 112.328
109.647 112.732
114.417 114.831
109.347 116.449
103.974 116.186
135.397 115.814
139.765 113.664
145.282 113.24
150.683 115.193
145.879 117.31
140.555 117.37
109.442 155.223
112.775 151.279
117.466 148.961
122.605 149.691
129.379 149.063
135.856 151.03
141.452 154.575
137.906 160.879
131.719 165.247
124.103 166.617
117.51 165.058
112.149 161.159
115.07 152.107
122.652 152.265
132.737 152.334
133.697 159.128
123.489 161.025
115.204 159.035
