91.783 99.7541
97.6561 99.0861
103.39 101.769
108.329 104.654
113.234 107.198
130.899 107.347
136.667 104.335
142.844 101.455
149.625 100.522
155.788 103.123
121.574 114.115
120.799 120.873
120.034 127.791
119.361 134.739
112.361 137.697
116.106 139.515
120.214 140.961
124.68 140.359
129.017 139.249
98.119 111.578
103.39 110.269
108.596 111.144
113.135 114.102
107.896 115.334
102.382 114.807
135.054 115.714
139.817 113.24
145.146 112.761
150.006 115.108
145.727 117.367
140.422 117.338
107.017 153.501
111.028 149.901
115.969 148.086
121.415 148.968
127.69 148.57
133.448 150.235
138.348 153.709
134.923 159.689
128.939 163.425
121.959 164.496
115.582 162.922
110.192 159.096
113.507 151.078
121.328 151.748
130.362 151.594
131.168 157.459
121.736 158.799
113.413 156.796
