87.0977 99.3799
94.333 96.8513
102.047 95.8121
109.401 97.1132
116.474 99.7604
138.921 105.893
146.095 105.289
153.299 105.737
160.549 108.46
167.236 112.831
127.707 109.619
127.112 114.722
126.457 119.957
125.921 125.422
112.916 135.995
117.704 138.095
123.032 139.821
128.487 140.106
133.591 139.681
93.0696 109.261
99.0574 108.955
104.603 109.306
109.449 110.582
104.082 110.104
98.5976 109.57
144.898 118.114
149.99 118.696
155.238 119.964
159.469 122.213
154.408 120.706
149.504 119.626
96.1078 162.422
100.127 153.497
109.754 149.06
121.466 149.774
132.121 152.151
139.553 159.866
142.313 170.171
137.709 178.09
128.972 183.227
117.953 182.814
106.525 179.935
99.3425 171.737
106.238 154.016
120.908 154.233
133.491 158.623
132.116 177.047
119.028 177.244
104.733 172.526
