82.2615 100.921
89.8296 97.7725
98.1876 96.799
106.569 98.2446
114.683 100.558
133.65 100.868
141.293 99.2438
148.863 97.9649
156.202 98.9632
162.59 102.27
125.852 108.253
126.774 115.627
127.622 123.275
128.34 131.022
116.127 138.851
121.168 141.278
126.753 142.054
132.522 141.302
137.354 139.155
92.9656 113.756
98.7292 113.245
104.544 112.498
109.754 111.18
104.718 113.489
98.6431 114.467
138.757 112.195
143.985 113.654
149.612 114.62
154.422 115.104
149.271 115.478
143.761 114.468
106.874 163.154
111.397 155.677
118.782 151.412
126.985 151.854
135.016 151.999
141.771 156.497
144.805 163.894
140.672 169.633
133.862 172.328
126.213 172.367
118.629 171.718
111.753 168.194
117.527 157.122
126.197 156.323
135.663 157.301
134.885 165.313
126.25 165.164
117.745 164.596
