89.9573 101.254
96.7898 96.8041
104.744 95.8324
112.748 97.4768
120.692 99.9062
142.309 103.005
150.011 100.718
157.957 99.4506
165.61 101.103
171.418 106.522
131.094 108.317
131.051 115.09
130.497 121.679
129.925 128.409
119.206 138.042
124.18 139.318
129.131 140.311
134.123 140.335
139.329 140.253
97.7621 111.449
102.65 108.693
108.568 108.474
113.782 111.836
108.93 112.879
102.799 112.845
148.361 114.988
153.722 112.657
159.351 113.148
163.727 117.191
158.768 117.523
153.269 117.025
105.852 162.653
110.582 154.511
119.213 150.806
128.628 151.124
137.409 151.641
144.681 157.165
147.443 166.355
143.429 173.243
136.69 177.769
127.496 178.358
117.637 176.408
110.305 170.643
118.474 156.78
128.467 156.376
137.777 158.099
136.885 170.331
127.581 170.31
117.463 168.812
