78.8162 76.5635
83.978 73.8184
89.027 74.5818
94.0389 77.1117
99.1184 80.5849
142.744 82.4361
152.658 78.5994
163.38 76.7453
173.869 79.8083
182.03 87.5824
119.086 109.156
116.876 120.955
114.853 132.532
112.883 144.89
104.99 153.33
110.65 156.249
117.379 157.54
125.989 157.303
134.82 155.511
90.6721 107.65
97.6698 104.102
105.283 105.182
111.341 110.649
103.97 113.199
96.2354 112.285
143.966 114.144
151.446 108.362
160.322 107.766
168.464 112.494
160.95 116.108
152.231 116.427
98.4002 179.537
103.407 175.542
110.033 173.663
116.877 175.269
127.484 175.346
137.784 179.105
148.287 182.945
137.723 183.471
127.456 183.696
117.836 183.21
110.913 181.549
104.691 179.75
110.475 175.964
117.083 177.067
129.68 177.961
130.176 179.359
117.316 178.795
110.397 177.466
