76.2436 93.3257
83.075 86.5117
92.6998 84.3731
102.553 84.8742
111.516 87.9965
141.227 89.1658
144.863 86.8008
148.756 84.7094
153.388 83.8656
157.093 86.7947
127.822 106.085
131.95 113.225
136.194 120.088
140.82 127.389
125.7 143.292
130.878 143.476
136.065 143.151
139.256 142.702
141.481 142.235
89.9445 113.847
96.3232 110.329
102.953 110.245
109.138 113.402
103.058 115.865
96.0112 115.704
138.504 112.041
143.852 108.52
149.502 107.813
153.246 111.029
149.559 114.016
143.951 113.881
109.359 165.296
118.097 160.974
127.537 158.765
136.75 158.373
141.534 157.879
146.35 158.975
150.072 162.137
145.743 163.807
141.363 165.045
135.885 166.4
126.665 166.645
117.937 166.52
125.269 162.056
136.347 161.358
141.933 161.176
141.862 161.986
135.887 162.531
125.101 163.255
