82.2341 96.4655
88.5259 90.7421
97.0833 88.5766
105.975 89.3374
114.499 91.5826
142.821 92.6031
147.588 90.2565
152.549 88.3005
157.782 88.9413
161.828 92.7612
129.038 108.206
131.532 115.224
134.219 122.157
137.344 129.42
125.183 144.595
130.28 144.516
135.251 143.915
138.808 143.348
141.38 142.713
93.8104 116.383
100.071 113.13
106.471 112.856
111.764 115.485
106.479 117.74
99.8612 117.755
140.72 115.032
146.008 112.125
152.03 111.625
156.571 114.969
151.72 117.185
146.044 116.634
111.347 164.548
119.098 159.437
127.769 156.66
136.807 156.843
142.512 155.912
147.932 157.329
152.629 160.452
147.593 161.326
142.196 161.808
136.308 162.585
127.707 163.475
119.126 164.703
125.163 159.996
136.456 159.026
143.959 159.296
143.687 160.197
136.228 160.36
125.37 161.308
