86.1182 98.3266
89.6703 92.9152
96.3314 90.394
103.837 92.278
111.379 95.3649
142.032 92.0414
147.472 88.365
153.671 86.0042
159.039 88.3408
161.899 93.5508
124.827 112.092
125.25 119.577
125.692 126.642
126.261 133.768
116.385 142.119
121.089 143.373
126.389 143.799
132.467 142.595
137.57 140.53
94.6395 115.456
99.6202 111.937
106.279 111.952
111.715 114.713
106.258 117.45
99.7159 117.403
139.264 115.207
145.355 110.691
152.327 109.554
157.668 114.652
152.571 117.03
145.391 117.209
111.842 169.041
114.307 160.338
121.053 154.299
130.605 153.322
140.611 151.589
149.069 156.562
154.728 163.969
150.131 168.949
144.043 173.872
134.728 176.247
125.86 175.716
118.358 172.561
119.677 158.131
131.086 155.782
145.032 154.701
146.805 170.226
133.597 174.403
121.915 172.795
