80.5683 86.7136
83.1172 81.3992
88.0191 78.7914
93.5039 79.4403
98.4473 81.8166
145.26 72.2674
159.51 65.8093
174.461 63.9345
187.901 69.9146
197.266 81.7115
119.676 104.283
115.058 116.296
110.391 128.053
105.857 139.265
106.784 159.205
111.519 159.728
117.217 159.552
126.246 158.127
134.747 156.22
92.0029 118.859
95.1638 113.147
102.426 112.322
109.808 116.565
103.844 119.259
96.7137 120.698
152.615 109.606
160.045 100.687
169.533 99.7746
179.173 105.801
170.657 109.156
161.259 110.515
104.688 198.768
105.601 189.711
109.767 181.903
117.907 181.094
131.159 179.309
143.743 184.223
156.066 189.414
146.097 195.891
134.479 200.917
122.247 204.262
115.243 204.534
108.515 203.079
113.307 193.49
119.229 191.615
134.695 189.633
134.937 190.613
119.702 193.065
113.08 194.716
