89.1787 90.4313
92.2906 86.7083
96.0903 85.9775
100.216 87.4589
103.781 89.8815
134.008 86.2323
144.598 80.7103
156.064 78.8632
166.595 82.1276
174.888 90.0774
117.316 106.979
113.908 114.656
110.188 121.983
106.46 129.602
105.085 142.521
109.353 143.493
115.06 143.793
122.944 142.144
130.424 139.51
94.7389 115.319
98.1402 111.284
103.515 110.858
109.06 114.197
103.849 114.965
98.5564 115.784
142.182 111.076
147.879 105.304
155.317 104.537
162.731 109.044
155.903 110.37
148.479 110.912
100.55 169.083
101.783 160.315
107.631 155.39
115.676 154.994
129.359 153.993
142.411 157.65
155.541 164.002
144.538 172.033
132.229 178.209
117.837 181.008
109.41 180.096
103.456 175.169
107.614 161.552
116.211 160.164
134.8 159.613
136.319 172.239
117.331 175.399
107.89 174.886
