90.9455 87.0607
95.1662 84.7131
99.875 85.9952
103.947 89.1167
107.974 92.0405
138.233 91.7459
146.91 88.481
156.243 86.874
164.857 89.443
171.553 95.846
120.322 107.488
116.878 115.259
113.206 122.997
109.806 130.803
105.875 141.167
109.347 142.665
113.695 144.102
120.77 143.811
127.815 142.58
95.3932 110.527
99.6279 107.504
105.554 107.759
109.987 111.501
105.058 112.448
99.3747 112.192
142.207 112.948
147.255 109.391
153.581 109.513
159.51 113.544
153.48 114.577
147.158 114.738
98.7968 161.182
102.37 155.805
108.427 153.54
114.882 154.062
126.1 154.19
136.845 157.886
147.063 163.419
138.016 169.507
126.977 173.995
114.748 175.857
106.774 174.344
101.434 168.367
107.327 158.045
115.119 158.012
130.169 158.621
130.374 168.084
114.773 169.74
106.158 167.87
