89.2786 88.3356
93.743 85.727
98.9101 86.4998
103.933 89.3136
108.074 92.4395
138.973 91.203
148.37 87.0192
158.477 85.473
168.114 88.342
174.822 95.6652
120.536 106.369
117.39 114.126
113.974 122.022
110.635 129.843
105.712 142.133
109.702 143.252
114.584 144.211
121.925 143.733
129.157 142.723
94.1484 111.746
99.0583 107.935
105.561 108.103
110.309 112.617
104.821 113.526
98.6361 113.695
143.108 113.015
149.169 108.085
156.772 107.991
163.102 113.345
156.145 114.861
148.797 115.008
97.1214 164.498
101.22 158.218
108.003 155.337
115.277 155.878
127.218 155.686
138.634 159.334
148.522 165.617
139.137 171.675
127.933 175.834
115.158 177.402
106.509 176.093
100.025 171.363
106.211 160.262
115.236 159.839
131.947 160.726
131.706 169.614
115.026 171.235
105.319 170.314
