84.8684 85.8542
89.5921 81.5046
96.4056 81.7515
102.984 84.5256
108.428 88.7814
141.715 90.0558
150.945 86.4373
160.697 84.4834
170.345 86.4728
176.42 93.8501
121.774 105.88
118.663 113.567
115.666 120.911
112.812 127.909
106.576 140.853
110.64 141.819
115.106 142.82
121.94 143.058
128.759 142.512
92.2249 111.3
97.7611 108.074
104.327 108.231
110.534 111.843
104.346 113.974
97.6052 113.897
143.197 114.6
149.623 110.783
157.525 110.95
164.911 115.288
157.446 117.697
149.529 117.635
96.0937 165.506
100.904 159.575
107.646 155.899
114.969 156.94
125.475 156.763
135.339 161.383
142.663 168.894
135.093 173.662
125.543 176.501
114.82 176.813
106.532 175.654
100.045 171.516
105.574 161.68
115.044 161.691
129.116 162.77
128.357 169.798
114.626 170.455
104.999 169.067
