80.1666 89.77
85.6243 88.3914
92.0092 90.5671
98.091 93.7623
103.949 96.5284
136.538 98.8129
144.494 97.8449
152.657 96.4163
160.833 97.7214
167.865 102.292
118.53 111.655
116.767 122.453
114.786 133.43
112.903 144.367
103.596 142.057
107.98 146.136
113.864 148.365
122.007 147.8
129.5 145.236
88.571 106.448
94.3951 108.98
101.18 109.142
107.076 107.471
100.923 109.263
94.1883 108.813
136.973 113.098
142.732 116.737
149.539 117.589
155.605 116.172
149.163 117.829
142.447 116.748
99.7635 153.72
105.716 154.601
111.563 155.469
117.191 157.17
125.401 157.282
133.176 158.118
140.656 159.991
134.295 166.521
125.936 171.463
115.837 172.567
107.575 169.052
103.244 161.852
108.687 156.816
116.855 159.299
128.308 159.523
128.296 164.536
116.328 165.842
107.912 161.583
