80.6839 88.2335
85.6596 86.4157
91.013 88.6332
95.978 91.9387
101.257 94.4462
132.734 96.8193
140.864 95.2851
149.273 93.2279
157.204 95.073
164.391 99.8107
114.945 113.717
113.277 122.057
111.487 130.427
110.022 139.484
102.995 145.157
106.66 148.161
111.738 150.1
118.684 149.472
125.276 147.655
87.7721 105.697
93.3187 104.273
99.5743 105.875
104.419 110.02
98.1937 111.114
91.3346 109.877
135.288 113.807
140.739 110.389
147.863 111.222
154.032 115.098
147.874 116.864
140.562 116.954
97.9294 160.078
102.692 159.194
108.116 158.255
113.946 159.465
122.206 159.665
129.65 161.874
136.785 165.226
131.114 171.991
123.237 176.51
113.761 177.409
105.62 174.336
100.789 167.585
106.866 161.354
113.358 162.929
124.023 163.324
124.57 169.666
114.021 170.49
106.603 167.357
