85.08 97.1523
90.9408 94.0562
97.9079 94.9498
104.756 97.8193
111.093 100.305
134.171 102.212
142.16 100.989
150.403 100.047
158.327 101.571
164.477 106.977
120.755 110.8
119.5 119.768
118.296 128.595
117.403 137.337
109.838 139.128
113.74 141.865
118.461 143.262
124.421 142.564
130.021 140.683
93.3827 109.675
99.1763 111.593
104.832 111.316
109.921 109.488
104.778 111.849
98.6973 111.802
136.042 112.834
141.641 116.202
147.853 116.995
153.182 116.507
147.654 117.843
141.305 116.561
102.215 155.931
107.776 153.89
113.852 152.746
119.639 153.907
126.882 153.661
133.79 155.397
139.858 158.964
134.255 163.795
127.165 166.927
119.057 167.156
111.749 165.483
106.339 161.271
111.898 156.018
119.244 157.38
128.36 157.356
128.447 160.158
119.213 160.381
111.711 158.856
