89.6225 95.8064
95.6871 92.0156
103.115 92.1342
109.986 94.9067
116.275 98.3118
136.998 102.131
145.092 101.59
153.164 102.326
160.397 105.637
164.917 112.207
124.584 111.32
122.884 118.466
121.255 125.458
119.657 132.389
111.077 136.763
114.368 138.52
118.211 139.752
122.885 140.248
127.331 140.155
97.9434 109.173
102.774 110.523
108.418 110.665
112.845 109.965
108.166 111.25
102.798 110.963
136.577 115.458
141.107 118.434
146.533 120.468
150.995 121.016
145.819 120.573
140.703 118.708
100.4 148.036
105.845 147.95
111.428 148.057
116.408 150.055
123.094 150.529
128.979 153.285
135.226 155.548
128.828 158.143
121.913 159.35
114.907 158.376
108.956 155.831
104.346 152.123
109.943 151.134
115.909 153.097
123.551 154.324
123.704 154.486
115.956 153.432
109.7 151.25
