90.6645 97.2677
96.3148 94.3592
102.94 94.781
108.993 97.339
114.738 100.117
137.5 104.709
145.023 104.292
152.611 104.971
159.368 107.93
163.121 113.943
124.24 114.347
122.945 121.054
121.785 127.736
120.728 134.322
111.409 138.411
114.891 140.229
118.778 141.724
123.269 142.037
127.323 142.18
98.0785 111.377
102.904 112.665
108.365 112.667
112.644 112.057
108.082 113.711
102.793 113.451
136.281 117.797
141.055 120.661
146.165 122.65
150.255 123.156
145.495 123.189
140.296 121.363
101.376 149.544
106.646 149.333
112.225 149.587
117.42 151.277
123.909 151.72
129.691 154.012
135.127 156.067
129.429 159.287
122.801 160.7
116.064 159.731
110.101 157.437
105.375 153.743
110.612 152.601
116.763 154.543
124.185 155.535
124.152 156.13
116.76 155.346
110.474 152.875
