100.607 89.7743
104.43 89.1514
108.14 90.6035
111.121 92.6319
114.035 95.6724
133.728 97.5496
142.84 96.0632
151.974 95.9653
160.027 99.4169
165.823 105.416
122.606 109.904
119.22 116.273
115.56 123.148
112.045 130.107
107.935 139.468
111.698 140.831
115.926 142.086
121.821 142.452
127.466 142.787
103.644 107.052
107.78 103.907
113.116 105.309
117.443 109.839
112.016 111.116
106.394 110.298
140.034 114.005
145.321 109.929
151.923 111.35
156.919 116.802
150.93 118.617
144.413 117.822
105.039 156.19
107.642 153.791
111.548 152.448
115.22 153.769
123.557 154.885
130.405 158.474
138.263 161.477
131.007 164.82
122.837 167.238
114.322 166.995
109.89 164.818
106.531 160.559
110.948 156.781
115.169 158.044
124.463 159.63
124.567 160.472
114.791 159.286
110.829 158.012
