76.9286 110.792
83.3522 106.227
91.1034 103.367
99.2908 102.841
107.776 103.051
128.608 100.231
134.333 97.5205
139.967 95.2824
145.677 95.4451
150.627 97.811
121.238 109.757
123.65 115.397
126.049 121.068
128.438 126.779
118.863 140.317
123.578 140.317
128.172 139.923
132.01 138.676
135.353 136.894
87.6318 119.863
93.0247 116.769
98.5211 115.103
104.11 115.594
99.1521 118.102
93.4974 119.566
132.42 110.861
137.094 108.92
142.517 108.189
147.308 110.025
142.422 111.081
137.354 111.393
109.948 162.758
114.986 156.561
122.094 151.817
130.179 150.445
136.355 148.83
142.452 151.477
146.248 156.66
143.77 161.441
138.869 164.822
132.991 166.557
124.592 167.937
116.381 166.982
120.401 156.507
130.856 154.32
138.184 153.239
139.134 159.347
131.975 160.601
121.917 162.168
