100.942 87.6106
103.88 86.0078
106.895 85.6758
110.046 87.0004
112.906 89.4133
141.369 95.8849
150.187 94.3067
158.842 94.936
166.069 99.4746
170.766 106.368
123.08 109.12
119.076 115.405
115.139 121.368
111.303 127.32
105.257 139.22
109.149 141.13
113.73 142.386
120.027 142.977
126.304 142.684
102.761 108.063
106.987 105.031
112.219 106.371
115.982 110.675
110.999 111.106
105.593 110.474
141.96 115.532
147.423 112.201
153.255 114.07
157.955 119.348
152.149 119.795
146.072 118.357
100.198 160.214
102.222 155.363
106.45 152.044
111.344 153.485
119.783 154.765
126.861 159.702
133.624 165.416
126.627 168.274
118.484 169.832
110.37 169.388
105.5 167.941
101.575 164.098
106.475 157.947
111.032 157.206
120.772 159.748
120.128 163.312
110.394 162.571
106.108 161.648
