102.407 87.231
105.516 86.3311
108.401 87.495
111.024 89.825
113.576 92.7261
137.524 97.4152
146.705 95.6403
155.951 95.705
163.771 99.9135
169.224 106.922
122.18 109.693
118.374 115.743
114.596 121.628
110.832 127.544
105.581 138.582
109.248 139.781
113.42 140.909
119.02 141.572
124.693 142.048
102.877 106.351
106.717 103.21
112.082 105.041
116.043 109.542
110.747 109.935
105.572 108.938
140.103 114.777
145.434 111.344
151.552 113.21
156.18 118.909
149.993 119.165
144.032 117.691
100.567 157.428
102.838 153.265
106.955 150.846
111.172 152.292
119.38 153.815
126.421 158.341
133.873 163.321
126.676 167.416
118.389 169.346
109.58 168.405
104.781 166.677
101.437 162.148
106.494 155.833
111.023 155.955
120.838 158.584
120.11 162.071
110.202 160.931
105.926 159.579
