101.09 87.1628
104.76 86.3062
108.262 87.4848
111.568 89.9689
114.448 92.9407
137.142 96.9671
146.32 95.2631
155.708 95.4548
163.229 99.6244
168.594 106.122
122.012 108.57
118.366 114.688
114.631 120.681
111.019 126.674
106.694 137.242
110.055 138.624
113.871 139.765
119.319 140.326
124.987 140.627
102.565 106.401
106.517 104.651
111.468 106.115
115.421 109.541
110.564 109.927
105.809 109.08
139.296 114.351
144.265 112.337
149.574 113.629
154.979 116.787
149.192 118.011
143.482 117.123
100.827 156.248
103.017 152.024
107.142 149.305
111.666 150.467
119.884 151.986
126.873 157.012
133.97 162.158
126.857 165.907
118.611 167.63
110.171 166.593
105.565 165.089
102.002 160.912
106.865 154.302
111.592 153.835
121.658 156.702
120.464 161.296
110.579 159.976
106.251 158.983
