100.842 89.8544
104.323 88.8813
107.786 90.0286
110.947 92.5875
114.045 95.2485
138.029 99.2228
147.079 97.8462
156.152 98.1607
163.448 102.407
168.268 108.884
122.102 111.257
118.549 117.3
114.934 123.381
111.248 129.431
106.125 140.27
109.749 141.97
113.934 143.492
120.003 143.915
125.864 143.74
102.067 108.869
106.326 107.329
111.216 108.941
115.703 112.352
110.367 112.794
105.345 111.917
139.651 117.13
144.932 115.166
150.563 116.627
155.716 120.703
149.65 121.509
143.858 120.295
101.312 158.254
103.757 154.933
107.775 152.775
111.985 154.22
120.016 155.559
126.76 160.224
133.806 164.544
126.265 166.091
118.527 166.719
110.769 165.813
106.955 164.565
103.573 161.552
106.823 157.754
111.902 158.368
121.678 160.701
121.016 161.173
111.13 159.315
106.772 158.559
