98.415 86.497
102.372 86.4487
105.634 87.9752
108.487 90.5267
111.452 92.7115
137.227 96.7721
145.769 95.6692
154.464 96.0393
161.43 99.4581
166.307 105.405
119.942 108.394
116.424 115.027
112.898 121.727
109.389 128.497
104.354 138.866
108.092 140.396
112.238 141.815
117.779 142.367
123.461 142.573
99.1642 106.087
103.422 105.428
108.26 106.829
112.628 109.186
107.674 109.767
102.782 108.932
138.286 113.978
143.341 113.134
148.419 114.448
153.352 117.282
147.978 118.051
142.523 117.077
98.5104 155.962
101.809 153.347
105.932 152.048
110.192 153.635
118.215 154.791
125.169 159.234
132.16 163.084
124.523 164.312
116.677 164.511
108.836 163.253
104.93 161.576
101.535 158.831
103.859 156.524
109.98 157.56
120.289 160.079
119.829 159.619
109.597 157.602
104.1 156.465
