95.9226 85.6883
100.428 85.7799
104.349 87.6553
108.057 90.0855
111.695 92.1382
136.406 96.7847
145.178 95.989
153.885 96.4675
161.292 99.5155
166.961 105.149
120.652 108.268
117.079 115.871
113.575 123.724
110.194 131.547
105.505 138.475
109.315 140.267
113.131 141.806
118.424 142.499
124.133 142.951
98.9402 108.433
103.759 109.065
108.448 109.392
112.513 110.101
108.085 110.665
103.285 110.235
139.315 115.712
144.667 116.75
149.586 117.84
154.147 118.659
149.041 119.313
143.91 118.119
100.483 154.817
104.02 153.189
108.461 152.684
112.763 153.719
120.758 155.064
127.956 158.533
134.93 161.579
127.495 163.573
119.636 164.379
111.579 163.156
106.88 161.588
103.033 158.35
106.563 156.407
112.646 157.891
123.201 159.862
122.723 159.872
112.337 157.652
106.485 156.789
