97.1677 89.1843
101.259 89.0019
104.855 90.7329
108.224 92.8472
111.534 94.6222
136.554 99.6015
144.652 98.4633
152.865 98.9071
159.771 101.923
165.106 107.277
120.659 110.355
117.114 117.598
113.638 125.123
110.253 132.593
105.696 139.555
109.503 141.671
113.597 143.159
118.814 143.667
124.36 143.98
99.7219 110.667
104.156 111.092
108.699 111.441
112.562 112.282
108.362 112.812
103.825 112.466
138.965 117.41
143.893 118.519
148.56 119.506
152.961 120.343
148.094 121.191
143.213 119.905
102.147 156.2
105.403 154.197
109.37 153.441
113.385 154.549
121.172 155.469
128.159 158.827
134.906 162.008
127.626 164.105
119.975 165.396
112.137 164.48
107.686 163.061
104.328 159.756
107.369 157.665
113.12 158.861
123.111 160.628
122.798 160.387
112.937 158.543
107.428 157.826
