96.4514 86.8523
100.291 86.4282
103.63 88.1161
106.716 90.6942
109.916 93.3058
136.44 98.755
144.179 97.0241
152.315 97.2765
159.325 99.8755
164.775 104.953
119.416 109.556
116.116 116.951
112.797 124.427
109.508 131.793
104.329 140.423
107.819 142.096
111.893 143.483
117.595 143.876
123.159 144.174
98.6824 106.229
103.556 104.668
108.85 106.413
113.082 110.145
107.689 110.867
102.033 109.568
136.556 115.015
141.998 112.502
147.747 113.895
152.24 117.595
146.751 119.383
140.714 118.308
99.2728 157.046
102.345 154.609
106.484 153.826
110.535 155.367
118.299 156.387
125.271 160.056
132.02 163.291
124.741 165.041
116.86 165.758
109.191 164.48
105.201 163.103
101.804 159.902
104.55 157.871
110.355 158.797
120.646 160.928
120.199 161.554
109.746 159.755
104.413 158.778
