93.1448 91.4869
98.3354 87.0078
104.928 86.4689
111.43 88.6733
117.632 91.4898
145.191 98.6553
150.525 97.7305
156.102 97.6836
161.276 100.079
164.431 104.973
127.702 112.389
126.855 118.788
126.076 125.312
125.4 131.998
112.819 138.623
117.315 140.942
122.484 142.549
127.81 143.094
133.1 142.324
97.7696 107.834
103.467 105.299
109.75 106.963
112.514 112.607
107.473 112.194
102.142 110.781
139.598 118.611
145.131 114.764
151.422 115.257
154.945 120.655
150.251 121.936
144.461 120.827
100.987 149.357
107.438 148.697
114.412 148.958
120.638 151.862
127.022 151.545
132.99 154.378
138.852 157.57
132.756 160.166
125.761 161.2
119.039 160.305
111.888 157.95
105.701 154.161
112.05 152.679
120.003 154.96
127.692 155.951
127.924 156.357
119.923 155.011
111.839 153.025
