79.5304 107.126
86.3022 102.508
94.7164 100.251
103.251 100.66
111.886 101.705
127.772 100.525
133.966 97.6112
140.349 95.3773
146.834 95.1275
152.18 98.2875
121.741 109.025
123.479 114.738
125.262 120.047
126.92 125.322
117.936 137.469
122.376 137.802
127.052 137.743
130.462 136.75
133.635 135.2
89.6865 117.55
95.3288 116.862
100.683 116.045
105.224 115.003
100.676 117.208
95.2203 118.233
133.255 111.201
138.018 111.545
142.965 111.254
147.463 111.014
143.193 112.241
138.211 112.259
109.382 161.084
114.059 154.718
120.395 149.474
128.206 148.035
134.335 146.951
140.426 150.474
144.325 155.714
141.531 159.965
137.052 163.023
131.448 164.583
123.251 165.687
115.729 164.677
119.715 154.121
128.877 151.73
135.809 151.71
136.756 158.408
130.367 159.467
121.399 160.9
