81.9536 107.359
88.2413 103.239
95.8389 101.236
103.518 101.505
111.233 102.394
129.92 100.473
135.484 97.8513
141.197 95.9986
146.933 95.6916
151.576 98.5105
123.021 109.444
124.463 115.324
126.094 120.907
127.731 126.338
118.833 137.406
123.33 138.133
127.858 137.999
131.215 136.935
134.094 135.125
91.4424 117.856
96.8754 117.093
102.141 116.102
106.753 114.983
102.276 117.419
96.8451 118.575
133.616 111.138
138.274 111.494
143.319 111.212
148.1 110.768
143.708 111.984
138.656 112.095
110.645 159.989
115.375 153.906
121.623 149.203
129.165 148.136
134.775 146.54
140.629 149.513
144.348 154.723
142.165 159.19
137.694 161.984
132.339 163.478
124.395 164.726
116.939 163.972
120.818 153.776
129.961 151.559
136.45 151.315
137.284 157.238
131.262 158.175
122.301 159.457
