82.7214 106.072
88.4214 102.339
95.6943 101.422
102.704 102.149
109.925 102.977
129.761 101.537
136.276 98.6728
143.113 95.6723
150.381 94.9568
156.57 97.4191
122.656 107.708
124.361 115.322
126.092 122.903
127.799 130.443
117.609 139.617
122.518 140.523
127.731 140.385
131.919 138.838
135.853 136.056
91.077 116.062
95.8664 115.584
101.2 114.647
107.152 112.617
101.866 115.299
96.2589 116.482
133.831 109.147
138.819 109.578
144.208 109.096
149.667 108.02
144.598 109.907
138.985 110.011
110.069 159.737
114.749 154.029
121.133 150.333
128.723 150.033
133.885 148.634
139.318 150.157
143.347 153.731
140.662 159.711
136.184 164.784
129.653 166.923
121.929 167.414
115.251 164.829
118.254 155.158
128.768 153.923
136.191 152.549
136.6 156.81
129.205 158.889
118.931 159.377
