79.7025 106.183
84.2748 100.918
90.676 97.6938
97.9577 96.6803
105.314 96.8105
129.886 95.9639
134.72 94.1833
139.772 93.2767
144.981 93.94
149.147 96.6124
120.783 105.467
122.904 109.428
125.29 113.217
127.531 117.184
118.17 133.025
122.744 132.066
127.697 131.418
131.222 130.927
134.587 130.86
90.1221 118.547
94.058 115.832
99.4025 114.478
104.799 114.454
99.9707 116.489
94.9246 117.788
132.371 110.951
136.383 110.107
141.347 110.164
145.633 111.91
141.497 112.087
136.814 111.937
110.634 156.875
114.608 149.581
120.849 143.229
129.045 141.025
136.244 140.517
142.644 145.251
146.038 151.748
144.48 156.921
139.377 160.555
132.613 161.436
124.012 162.754
116.316 161.21
119.046 148.3
129.556 144.712
138.31 145.363
140.136 156.523
132.027 157.222
121.54 158.978
