76.3842 109.988
82.1614 104.218
89.6964 100.605
98.3507 99.4014
107.245 99.4568
131.119 96.5062
137.008 93.8811
143.051 92.038
149.274 92.4025
154.606 95.7653
122.849 108.882
125.124 115.309
127.811 121.445
130.458 127.699
120.073 139.804
125.161 140.378
130.448 140.199
134.793 138.441
138.311 136.25
87.9843 120.643
93.7663 117.567
100.287 116.227
106.53 116.139
101.053 118.572
94.6411 120.084
134.074 111.232
139.185 109.07
145.675 108.208
151.353 109.982
145.995 110.849
139.842 111.376
109.495 162.151
116.016 156.059
123.844 151.314
132.867 149.627
139.508 147.536
146.141 150.153
150.659 155.096
148.745 160.778
143.682 165.121
136.862 167.33
126.725 168.888
117.407 166.965
121.791 155.649
133.571 152.769
141.836 151.784
143.705 160.518
136.076 162.686
124.087 163.661
