77.2465 111.191
82.9039 105.281
90.612 101.851
99.0479 100.508
107.71 100.801
128.376 97.6362
134.629 94.1744
141.161 91.9732
147.969 91.7269
153.539 94.9722
121.496 108.2
123.893 115.482
126.397 122.635
128.883 129.76
120.185 140.259
124.642 140.845
129.341 140.506
133.409 138.691
136.775 136.425
89.1696 120.085
94.1554 116.908
99.8645 115.572
105.728 115.757
100.739 118.04
95.2527 119.686
132.823 110.367
137.405 107.679
143.228 106.638
148.643 108.106
143.736 109.686
138.254 110.476
111.474 162.157
117.515 157.567
123.967 153.248
131.722 151.425
137.366 149.668
143.273 151.224
148.117 154.166
144.259 157.909
139.839 161.077
134.487 163.138
126.525 164.97
118.785 164.528
123.058 157.616
132.393 155.08
139.152 153.924
139.083 155.839
132.958 157.007
124.055 159.327
