83.338 101.023
89.3343 96.334
96.9672 94.0549
105.02 93.809
112.439 94.8
134.547 97.1012
139.368 95.3938
144.652 94.6374
149.626 95.9361
153.678 98.5947
125.299 106.455
127.662 112.173
130.388 117.929
133.001 123.898
119.707 136.152
125.057 136.842
130.662 137.009
134.378 136.129
137.573 134.954
93.9474 115.892
98.5932 113.57
103.849 113.286
108.759 113.64
104.07 114.928
99.0131 115.511
134.956 113.242
139.09 112.234
143.859 112.494
147.781 114.256
143.762 114.154
139.433 113.78
106.043 157.113
112.6 151.01
121.323 146.795
130.417 145.779
137.634 145.183
143.167 149.222
144.52 155.805
143.189 162.757
138.996 169.199
131.437 170.928
120.728 170.581
111.565 165.115
117.791 150.942
130.428 149.019
138.377 149.471
139.305 164.171
131.074 166.365
117.472 165.132
