81.9408 100.27
87.5717 94.7836
95.349 91.7375
103.567 92.0447
111.433 94.4359
135.233 96.3755
140.357 93.6622
146.037 92.7302
151.136 94.6607
155.203 98.3174
125.693 108.525
127.855 114.877
130.292 121.226
132.834 127.733
119.104 138.792
124.31 140.34
130.091 140.939
134.097 139.696
137.458 137.859
93.7264 116.422
98.6797 114.658
103.729 114.263
108.863 114.952
103.885 115.775
98.7536 116.145
134.896 114.102
139.189 113.388
144.201 113.509
148.544 115.176
144.068 115.293
139.252 115.009
106.995 158.569
114.268 153.821
122.168 149.708
130.603 149.405
136.797 148.585
142.286 151.869
145.609 156.68
142.969 162.647
137.993 167.604
130.864 168.857
121.482 168.157
113.566 164.067
118.51 154.507
130.391 153.159
137.88 153.772
138.532 162.19
130.707 163.405
118.584 162.258
