78.1184 102.033
83.7736 96.3803
90.9766 93.802
98.9124 94.3617
106.612 96.5972
132.313 94.9457
138.598 91.9343
145.215 89.895
152.028 90.7842
157.674 94.5917
122.459 109.422
124.233 117.181
126.12 124.735
128.107 132.325
116.095 142.905
121.834 143.917
127.644 143.879
132.218 142.335
135.797 139.386
91.5302 118.394
96.3055 116.176
101.621 115.274
106.936 116.17
102.065 117.668
96.5954 118.157
134.642 113.36
139.135 111.675
144.307 111.391
149.179 112.505
144.484 113.674
139.393 113.803
106.514 161.767
112.652 157.609
120.123 154.431
128.091 153.899
133.734 152.59
139.785 154.063
144.521 157.042
140.655 161.998
135.564 166.247
128.787 168.3
120.39 168.529
112.756 166.15
116.891 159.254
128.425 157.769
135.969 157.032
136.165 160.532
128.23 162.476
116.931 162.598
