76.6496 111.171
81.7693 105.526
88.9427 102.367
97.0525 101.195
105.224 101.759
127.331 96.6396
134.542 92.5733
142.115 89.4153
150.086 89.2974
157.137 92.1786
118.012 108.172
119.79 116.305
121.915 124.364
124.081 132.513
117.776 143.217
122.208 143.273
126.657 142.501
131.75 140.459
135.634 137.573
89.0016 120.196
94.2315 115.826
101.025 113.998
106.902 115.098
101.799 118.001
95.3284 119.729
133.337 108.242
138.422 105.09
144.9 103.39
150.998 104.678
145.909 106.911
139.47 107.945
109.988 164.336
115.665 159.551
122.389 155.05
130.391 153.285
137.162 150.816
144.452 151.121
150.919 152.917
148.639 160.566
143.556 167.488
135.579 171.365
125.83 172.461
117.11 169.299
122.239 158.897
131.555 157.052
139.126 154.469
142.075 161.935
134.209 165.882
124.122 166.032
