73.7067 112.89
79.3235 105.391
87.7648 101.173
97.3268 99.4735
106.613 99.9563
128.669 95.1989
136.81 90.5986
145.547 86.8596
155.191 86.8551
163.449 91.2547
119.562 107.787
120.904 116.694
122.574 125.574
124.353 134.418
119.331 146.192
123.506 146.155
128.341 145.249
133.574 142.98
137.803 140.208
88.3346 120.918
93.2292 116.188
100.006 114.229
106.759 115.471
101.474 118.596
95.0249 120.333
136.807 107.652
142.157 103.844
148.666 102.113
155.396 103.28
150.291 106.356
143.509 107.708
111.077 168.273
117.671 164.22
124.349 160.028
132.413 158.578
139.144 155.616
146.949 155.728
154.38 156.765
148.493 160.989
141.909 164.412
134.887 167.215
126.91 169.21
118.859 169.431
124.157 163.608
133.312 161.242
141.497 158.91
141.857 160.24
133.762 162.882
124.98 164.674
