74.1325 111.993
79.3439 104.88
87.4255 101.02
96.2089 99.1968
105.078 98.8256
128.668 93.8638
136.992 89.957
145.729 86.5938
155.038 87.0516
162.815 91.4465
118.841 106.816
120.235 115.786
121.775 124.518
123.466 133.422
117.846 145.05
122.027 144.739
127.071 143.672
132.129 141.511
136.3 139.146
86.9519 121.512
92.4896 118.703
99.4574 116.591
106.333 114.993
100.284 118.614
93.4861 120.822
134.723 107.848
140.999 106.807
147.84 105.505
154.549 105.157
148.532 107.768
141.373 108.601
109.417 167.253
116.193 163.242
122.529 158.552
130.677 156.839
137.986 154.265
145.986 154.607
154.177 155.462
147.454 159.987
140.895 164.143
133.536 167.185
125.315 168.906
117.325 168.609
121.474 162.827
131.549 160.222
140.843 157.67
141.17 158.816
132.013 161.669
122.328 163.72
