73.8937 112.037
79.4279 105.38
87.3946 102.051
96.0882 100.777
104.728 100.998
128.988 96.2424
136.565 92.4259
144.728 89.2498
153.507 89.507
160.841 93.4211
119.594 108.975
120.71 117.028
121.952 124.958
123.326 132.814
117.331 145.665
121.681 145.299
126.768 144.205
131.746 142.152
135.825 139.767
85.8647 122.581
91.5093 120.299
98.4767 118.696
105.04 117.169
98.8516 120.23
92.0816 122.156
135.177 109.52
141.284 109.367
148.069 108.279
154.706 107.586
148.414 109.736
141.564 110.256
107.692 167.784
114.496 163.149
121.204 158.053
129.759 156.345
136.659 153.673
144.672 154.669
152.356 157.017
146.334 161.643
139.815 165.37
132.524 167.959
124.078 169.703
115.843 169.426
119.541 163.059
130.684 160.452
140.184 158.15
140.666 159.124
131.299 161.346
120.578 163.538
