75.3616 112.452
80.9838 106.314
88.4032 102.836
96.8318 101.568
105.454 101.566
127.141 96.4137
133.693 93.3146
140.63 90.7684
148.023 90.9184
154.188 94.0213
119.418 108.477
121.607 116.233
124.107 124.063
126.654 131.833
117.115 142.251
122.436 142.94
127.809 142.129
132.919 139.696
136.639 136.025
86.5736 120.973
92.2159 117.043
98.7511 115.195
104.833 115.255
99.5862 118.107
93.1966 120.002
131.934 108.976
137.185 106.312
143.892 104.705
150.12 105.833
144.663 107.795
138.067 108.761
107.66 162.752
114.497 157.882
121.945 153.352
130.51 151.771
136.682 148.739
143.65 149.736
150.25 152.032
147.122 158.672
142.643 164.914
135.616 168.722
125.359 169.87
116.041 167.223
120.276 157.307
131.426 154.729
139.567 152.186
142.016 158.513
134.182 162.791
122.345 163.333
