88.5238 97.5193
94.8799 93.6488
102.18 92.3062
109.308 93.7377
116.12 96.8372
132.557 103.184
135.388 102.895
138.35 104.035
140.718 105.932
142.71 108.116
125.826 111.342
127.762 117.46
130.149 123.051
132.664 128.804
116.689 137.52
120.76 138.694
124.715 139.36
128.085 139.278
130.353 138.401
96.4276 107.827
101.494 105.89
106.688 106.991
110.125 111.035
105.649 112.006
100.474 110.999
128.303 115.636
131.762 113.946
135.4 114.872
136.407 118.589
133.709 119.826
130.468 118.535
101.186 149.342
108.88 148.184
115.998 146.982
122.901 148.66
126.06 149.667
127.225 153.1
127.716 155.878
125.666 157.418
122.411 158.043
119.142 157.378
112.95 155.939
106.884 152.948
112.612 149.778
121.584 151.57
124.778 153.054
124.821 153.744
121.431 152.27
112.301 150.718
