90.0166 100.544
96.4029 96.2376
104.242 94.9373
111.789 96.7068
118.982 100.05
133.498 105.872
136.83 105.524
140.077 106.394
142.901 108.272
145.198 111.038
127.295 113.348
129.275 119.175
131.774 124.827
134.453 130.753
119.01 138.653
123.025 139.434
126.792 139.984
129.676 139.969
131.692 139.404
98.4217 109.724
103.499 108.437
108.173 109.469
111.233 112.505
107.129 113.207
102.426 112.304
130.673 117.247
134.059 116.608
137.259 117.811
138.109 120.839
135.483 121.255
132.66 119.919
103.622 151.069
111.324 149.838
118.477 148.78
125.109 150.572
128.28 151.54
129.663 154.756
130.2 157.46
128.151 158.404
125.009 158.549
121.916 157.741
115.679 156.473
109.36 154.118
115.298 151.403
123.855 153.083
127.331 154.387
127.664 155.491
124.004 154.055
114.913 152.241
