90.7803 100.456
97.0762 95.8959
104.959 94.3184
112.677 96.0669
119.883 99.8026
135.921 105.471
139.02 105.131
142.062 106.105
144.623 107.958
146.762 110.421
129.44 113.416
131.234 119.367
133.48 125.012
135.979 130.803
120.211 138.845
124.262 139.998
128.415 140.774
131.536 140.676
133.673 139.851
100.184 109.715
105.124 108.712
109.807 109.738
113.104 112.812
108.903 113.039
104.174 112.098
132.906 117.356
135.928 116.564
139.147 117.77
139.946 120.871
137.393 120.679
134.77 119.508
105.002 150.855
112.759 149.878
119.799 149.036
126.299 150.54
129.814 151.643
131.441 154.899
132.233 157.828
129.795 158.741
126.463 158.693
123.243 157.814
116.956 156.54
110.829 153.976
116.686 151.501
125.207 153.356
128.829 154.683
129.114 155.627
125.308 154.09
116.315 152.192
