86.5802 101.741
92.9425 97.061
101.175 95.3934
109.569 97.5832
117.365 100.766
133.132 104.4
136.727 103.939
140.303 103.888
143.697 104.44
146.764 106.433
126.797 112.229
128.882 117.908
131.367 123.312
133.769 128.969
119.554 139.231
123.599 139.901
127.536 140.316
130.236 140.15
132.164 139.646
96.4608 111.216
101.585 109.252
106.554 109.807
110.33 112.667
105.87 113.775
100.833 113.453
131.316 116.098
135.119 114.944
138.952 116.065
141.205 119.691
137.878 119.964
134.436 118.733
105.477 153.754
112.199 150.896
119.073 149.138
126.042 150.123
130.115 150.365
133.027 153.28
133.25 157.407
131.423 158.58
128.373 158.99
124.836 158.624
117.978 158.059
111.386 156.339
117.499 152.733
125.312 153.494
128.824 154.242
129.206 154.753
125.634 154.101
117.502 153.704
