86.2202 104.041
92.8996 99.3437
101.158 97.774
109.482 99.6031
117.366 102.02
132.015 103.636
135.476 102.396
139.168 101.749
142.428 101.854
145.294 103.248
126.014 111.746
128.634 117.678
131.683 123.395
134.654 129.532
120.839 139.806
124.9 139.82
128.613 139.619
131.104 139.266
133.047 139
96.3257 112.628
101.16 110.392
105.879 110.551
109.558 113.381
105.475 114.753
100.627 114.768
129.692 114.401
133.34 112.366
137.38 112.594
139.845 115.236
136.805 116.823
133.084 116.391
107.606 154.876
114.499 152.237
120.885 149.908
127.644 150.421
131.002 150.218
133.662 152.637
134.534 155.991
132.638 157.696
129.724 158.865
126.131 159.116
119.642 158.65
113.442 157.163
119.364 153.574
126.853 153.606
130.103 154.168
130.359 155.036
127.038 154.762
119.321 154.735
