89.9755 93.9576
95.1165 89.9875
101.383 89.1911
107.569 90.6172
113.909 92.5234
137.637 97.6811
143.866 97.2762
149.939 97.6809
155.457 99.7923
159.744 103.567
126.306 110.496
126.677 117.625
127.249 124.566
127.809 131.377
115.756 139.922
120.32 141.125
125.361 141.894
129.295 141.673
132.506 140.586
97.3607 112.471
102.304 109.587
107.611 110.399
112.604 113.763
107.164 114.736
101.802 114.533
136.054 115.746
140.326 113.482
145.587 113.703
150.077 116.715
145.383 118.366
140.385 118.008
103.274 155.873
110.28 153.235
117.253 151.085
124.351 152.347
129.379 151.95
134.237 154.516
137.93 158.149
133.517 161.699
128.268 163.836
122.204 164.318
114.969 163.346
108.618 159.978
113.922 154.773
123.601 155.032
129.919 155.999
129.767 159.678
123.03 159.754
113.64 158.703
