88.8691 103.005
94.1425 99.4174
100.529 98.4312
106.906 99.194
112.785 100.919
132.355 101.011
137.846 99.9923
143.423 99.3568
149.021 100.96
153.271 104.957
124.163 108.464
124.847 113.686
125.631 118.933
126.369 124.176
118.299 133.482
121.862 134.11
124.98 134.349
127.993 134.393
130.74 134.227
97.6462 111.324
101.619 108.514
106.137 108.564
109.977 110.972
106.281 112.763
101.83 112.698
134.738 112.76
138.878 110.401
143.394 110.474
146.971 113.808
143.12 114.765
138.819 114.323
109.856 151.686
113.812 147.326
119.101 144.262
124.733 144.338
130.007 144.729
134.334 148.358
137.314 153.02
134.664 157.204
130.028 158.83
124.816 158.491
118.898 157.653
113.739 155.305
117.744 147.704
124.719 147.123
130.934 148.422
130.471 153.559
124.77 153.62
117.695 152.797
