90.1715 104.583
95.0476 101.153
100.746 99.9386
106.65 100.724
112.117 102.006
132.862 102.343
138.001 101.316
143.312 100.649
148.605 101.61
153.049 104.791
124.09 109.108
124.712 114.511
125.522 119.945
126.306 125.477
118.137 134.094
121.696 134.701
125.082 134.957
128.275 134.701
131.238 134.171
98.39 112.567
102.276 110.071
106.779 109.959
110.595 111.967
106.901 114.021
102.567 114.069
134.895 112.925
139.079 110.965
143.732 110.999
147.546 113.718
143.494 115.089
139.067 114.723
109.178 151.096
113.779 147.621
119.079 144.991
124.758 145.034
130.136 144.83
134.794 147.718
138.525 151.675
135.034 154.634
130.466 156.012
125.309 155.903
119.223 155.437
113.757 153.79
117.726 148.566
125.022 148.052
131.231 148.747
131.262 151.16
125.166 151.155
117.647 150.69
