90.4055 102.189
95.8896 98.8553
102.025 97.7499
108.484 98.6733
114.513 100.29
133.707 100.349
139.092 99.6975
144.256 99.0677
149.391 100.303
153.788 103.947
125.748 108.43
126.626 113.762
127.734 118.842
128.611 124.01
118.492 133.577
122.284 134.454
126.14 134.695
129.279 134.46
132.318 133.807
100.318 111.029
103.817 108.652
108.059 108.637
111.882 110.876
108.027 112.367
103.943 112.318
136.169 112.312
139.774 110.205
143.99 110.374
147.085 113.364
143.725 114.361
139.904 113.916
107.671 153.446
112.479 147.538
118.841 143.694
125.673 143.972
131.046 143.867
135.4 148.353
137.631 154.661
136.198 160.987
131.366 164.484
125.292 164.623
117.871 163.426
111.676 159.446
117.041 148.18
125.677 146.536
131.629 148.626
131.204 158.61
125.337 159.682
116.523 158.176
