86.2648 102.641
92.2486 98.5315
99.7062 96.5285
107.634 96.5007
115.101 97.9485
134.973 98.8599
141.035 98.0974
147.121 97.8457
152.89 99.6647
157.4 103.467
126.679 107.584
127.895 114.009
129.346 120.462
130.377 126.739
117.79 137.013
122.382 138.038
127.137 138.364
130.796 138.342
134.113 137.782
96.1968 111.945
100.751 109.215
106.887 108.961
111.665 111.613
106.716 113.152
101.216 113.312
137.033 112.497
141.519 110.235
147.21 110.707
151.137 114.433
146.313 114.844
141.556 114.217
102.992 159.512
109.053 152.498
117.178 148.342
126.142 148.268
133.034 148.523
138.28 153.563
140.154 160.73
137.845 168.005
132.173 172.738
124.241 173.376
114.829 172.134
107.297 167.298
113.935 152.449
125.526 150.31
133.542 152.884
133.038 168.054
124.438 169.491
112.842 167.664
