79.7376 110.287
84.993 105.275
91.741 102.286
99.0866 101.013
106.538 100.79
129.218 96.5102
135.823 94.0108
142.541 92.2329
149.445 92.8162
155.43 95.8615
119.711 110.053
120.685 115.826
121.823 121.503
123.115 127.294
116.152 140.193
120.166 139.928
124.918 139.289
129.769 137.754
133.953 135.718
90.5 120.862
95.0309 117.201
101.223 115.748
106.777 116.291
101.874 118.825
96.0382 120.314
134.418 110.916
139.168 108.531
145.26 107.426
151.041 108.92
145.694 110.676
139.975 111.345
111.012 162.454
114.534 155.834
120.212 149.936
127.727 148.117
134.637 146.228
141.866 149.31
146.817 155.116
144.3 160.542
139.47 165.341
132.448 167.643
123.898 169.185
116.261 167.082
119.713 154.576
128.786 151.864
136.983 150.918
139.511 160.933
131.415 163.425
121.972 164.236
