79.8727 110.736
84.6885 105.081
91.443 101.262
99.3619 100.215
107.532 100.689
128.46 99.7364
134.291 97.3563
140.208 95.881
146.3 96.7247
151.326 100.241
120.635 110.214
122.403 116.234
124.48 121.923
126.399 127.658
116.743 138.661
121.488 138.84
126.353 138.639
130.643 137.269
134.448 135.236
91.3857 120.145
95.9606 117.073
101.607 116.1
106.702 116.15
102.343 118.465
96.7633 119.826
131.773 112.42
136.363 110.89
142.014 110.268
147.253 111.928
142.25 112.897
136.906 113.104
109.61 160.627
113.651 153.951
119.809 148.559
127.854 146.666
134.488 145.478
140.796 148.733
144.049 155.17
143.264 161.432
138.772 166.653
132.071 168.533
122.913 169.606
114.903 166.708
118.415 153.273
128.489 150.178
136.444 149.844
138.615 161.104
131.048 163.233
120.652 164.067
