74.276 108.04
80.2282 102.372
87.7375 98.3625
96.3679 97.0152
104.91 97.5263
130.672 96.1516
135.249 94.418
140.232 93.5383
145.506 93.6863
149.351 96.1051
121.577 106.4
124.56 111.199
127.801 115.649
130.944 119.992
119.481 136.481
124.882 135.332
130.215 134.279
134.023 133.761
137.657 133.305
87.5465 119.677
92.5319 116.646
98.6126 115.337
104.603 115.764
99.1708 118.009
93.3641 119.1
132.209 112.025
136.887 110.542
142.589 110.577
147.497 112.819
142.706 113.31
137.427 113.077
110.22 160.014
115.888 152.642
123.222 147.065
131.904 144.6
138.648 144.139
144.677 148.06
147.696 154.207
144.966 157.36
139.81 159.147
134.219 159.801
125.725 161.689
117.653 161.988
121.058 152.361
132.376 148.763
140.189 149.509
140.792 155.561
133.448 155.79
122.409 158.158
