88.0739 99.2734
94.3342 95.7576
101.397 95.3284
108.331 96.7026
115.283 99.0105
141.097 103.525
146.794 103.198
152.267 102.73
157.805 103.022
162.1 106.825
128.921 111.984
129.591 118.068
130.249 124.074
130.706 130.233
116.213 137.075
122.393 139.14
128.95 140.471
134.22 140.406
138.689 139.619
96.8267 111.472
102.707 109.257
108.537 109.807
113.321 113.207
107.763 112.84
102.061 112.065
140.262 116.564
145.81 114.461
151.408 114.871
156.191 118.29
151.129 118.257
145.739 117.647
96.8826 150.64
107.008 148.061
116.624 147.044
126.653 147.679
133.946 148.648
140.707 151.058
146.118 155.607
141.213 162.621
133.756 166.753
124.658 167.27
113.266 165.407
103.63 159.272
111.49 149.654
126.159 150.986
136.613 151.803
136.316 161.782
124.703 162.487
109.712 159.8
