84.611 99.2173
90.9496 95.0973
98.558 94.337
105.956 95.577
113.601 97.9328
141.88 103.2
147.959 103.016
153.698 103.021
159.399 103.628
163.897 107.807
128.598 111.849
129.267 118.838
129.93 125.682
130.33 132.681
114.024 138.557
120.789 141.039
128.191 142.642
134.021 142.526
138.948 141.405
94.2948 110.805
100.3 108.913
106.41 109.483
111.282 113.236
105.648 113.076
99.568 112.049
140.146 117.614
145.832 115.386
151.66 115.775
156.995 119.076
151.529 119.49
145.778 118.916
92.8311 153.065
103.78 150.733
114.148 149.569
125.088 150.559
132.859 151.496
140.041 154.299
145.707 158.871
140.399 166.396
132.426 170.579
122.871 170.766
110.55 168.592
100.108 162.193
108.654 152.171
124.445 153.785
135.468 154.71
135.023 165.566
122.952 165.88
106.851 162.924
