82.9514 105.083
88.7136 99.8067
96.0425 97.7735
103.928 98.4929
111.636 99.9465
133.722 97.6474
137.936 94.8419
142.147 92.3703
146.553 91.4913
150.991 93.0338
125.898 111.07
128.909 117.809
131.892 124.672
134.842 131.75
121.285 141.299
127.049 141.727
133.091 141.539
136.803 139.738
139.44 137.443
96.9183 118.787
100.683 115.965
105.475 115.22
110.569 115.981
106.435 118.188
101.334 119.29
133.535 111.713
137.073 109.217
141.644 108.249
146.036 109.346
142.304 111.279
137.45 111.94
112.214 162.841
117.51 156.087
124.457 150.731
133.025 148.574
138.097 147.712
142.639 150.371
143.237 154.926
143.38 162.82
141.137 170.688
134.533 176.112
124.539 176.074
116.907 171.029
121.415 155.076
132.77 151.807
138.231 151.399
139.728 164.91
133.868 171.781
122.042 170.206
