91.1469 108.319
96.485 104.082
102.818 102.17
109.564 102.608
115.98 105.463
127.218 108.111
129.184 105.531
131.469 103.816
134.109 103.254
136.729 104.379
124.282 110.715
128.706 116.246
132.847 121.676
136.817 127.144
122.399 138.532
127.712 138.693
132.481 138.237
135.536 137.322
138.055 135.461
98.7781 115.798
102.971 113.472
107.2 112.974
110.032 115.1
106.997 116.769
102.964 117.088
127.442 114.988
129.996 112.877
132.884 112.497
134.879 115.148
132.521 116.453
129.94 116.235
113.961 161.337
119.348 155.138
125.462 150.31
132.853 148.957
136.066 148.539
137.594 151.835
137.041 156.686
138.25 161.445
136.848 165.831
133.218 167.652
126.237 168.144
119.512 166.061
122.853 155.896
131.576 153.091
135.263 153.059
135.19 159.34
132.088 160.986
123.342 161.687
