86.2581 101.252
93.8911 97.7007
101.963 96.2365
110.161 97.672
117.404 100.826
131.137 104.023
135.735 101.999
140.651 100.991
146.121 100.865
151.733 102.072
127.144 106.81
129.471 113.106
132.009 119.449
134.4 125.538
119.412 138.332
124.23 139.788
129.632 140.035
132.958 139.658
135.609 138.444
94.226 112.186
100.048 109.141
106.064 109.248
111.333 111.838
106.058 114.694
99.8005 114.986
132.061 113.593
136.794 111.494
142.059 111.587
146.553 115.055
141.806 116.439
136.596 116.096
109.319 160.197
115.055 154.54
122.056 150.58
130.311 151.347
134.913 151.107
137.699 155.656
138.117 160.361
136.911 166.138
133.01 169.594
127.867 170.436
120.251 169.679
113.79 166.086
119.51 155.364
129.277 154.572
133.479 155.981
132.789 161.582
128.211 162.326
118.887 161.77
