86.2139 100.959
94 97.7363
102.083 96.2869
110.41 97.979
117.945 100.774
130.501 104.171
135.112 102.141
139.905 100.992
145.389 100.802
150.838 101.798
127.178 107.151
129.534 113.54
132.278 119.885
134.933 125.922
119.926 138.843
124.405 140.025
129.605 140.235
132.901 140.114
135.35 139.278
93.2609 112.492
99.5271 109.246
105.885 109.263
110.974 112.347
105.662 115.316
99.2522 115.528
131.69 114.127
136.586 111.96
142.12 111.779
146.521 115.453
141.737 117.422
136.408 117.023
109.014 160.175
115.247 154.582
122.405 150.435
130.804 151.111
135.631 151.046
138.35 155.877
139.078 160.504
137.596 165.99
133.567 168.984
128.388 169.598
120.848 168.799
114.155 165.528
120.016 155.658
129.795 154.863
134.319 156.355
133.572 160.748
128.824 161.114
119.637 160.596
