88.1917 99.8643
95.5012 96.7404
103.278 95.4888
111.105 97.0849
118.361 100.131
134.388 103.756
137.85 102.624
141.622 101.893
145.748 102.414
149.518 104.436
127.616 109.155
129.992 115.65
132.898 122.032
135.335 128.158
120.759 138.666
124.989 139.513
129.616 139.671
132.443 139.614
134.42 138.625
94.9311 110.958
100.917 108.453
106.686 108.809
111.397 111.914
106.114 113.948
100.167 113.716
131.998 114.644
136.339 113.448
140.854 113.37
143.805 116.971
139.808 117.864
135.609 117.371
109.212 159.379
115.227 154.321
122.17 150.639
130.092 151.189
134.296 151.514
136.118 155.089
135.127 159.535
134.943 165.384
131.7 169.638
126.934 170.699
119.925 168.922
113.917 165.091
120.378 155.322
128.639 154.841
131.693 155.963
131.011 161.349
127.721 162.325
120.106 161.031
