90.2957 102.132
97.4884 98.8724
104.842 97.4047
112.273 99.1166
118.982 102.078
134.74 105.824
138.322 104.368
142.12 103.446
146.295 103.694
150.406 105.384
128.904 108.833
131.276 115.379
133.974 121.895
136.5 128.415
122.404 139.059
126.623 140.02
131.215 140.282
134.5 140.197
136.65 139.391
97.5275 112.305
103.318 109.649
109.265 109.923
113.909 113.112
108.709 115.373
102.721 115.096
133.383 115.466
137.577 114.048
142.439 114.008
145.686 117.568
141.693 118.925
137.242 118.521
111.75 159.718
117.118 154.653
123.912 151.209
131.62 151.997
136.026 152.173
138.433 155.789
138.401 160.39
137.106 164.524
133.59 167.239
129.386 167.524
122.856 166.352
116.848 163.749
122.762 156.162
130.357 155.834
133.396 157.038
133.033 160.489
129.931 160.633
122.61 159.727
