90.3513 101.268
97.1308 97.7788
104.444 96.2471
111.85 98.0843
118.656 101.065
134.394 105.627
137.859 104.22
141.387 103.253
145.436 103.278
149.405 104.82
128.756 108.111
131.254 114.501
134.022 120.966
136.567 127.429
121.998 138.356
126.276 139.455
130.832 139.674
133.737 139.698
135.504 138.849
97.3723 111.073
102.943 108.403
108.731 108.684
113.087 112.069
108.177 114.441
102.337 114.181
132.717 114.666
136.632 112.719
141.435 112.886
144.611 116.393
140.7 118.036
136.233 117.736
110.224 157.983
116.052 153.078
122.994 149.858
130.778 150.869
135.157 150.974
137.374 154.822
137.627 158.987
136.409 163.639
132.704 166.218
128.331 166.686
121.357 165.47
115.158 162.406
121.479 154.784
129.435 154.759
132.672 155.825
132.294 158.587
128.836 158.888
121.11 157.874
