84.8749 107.779
91.691 103.273
99.2692 100.527
107.245 100.716
115.161 101.606
130.751 101.871
134.949 99.616
139.39 98.1952
144.239 97.1952
148.99 98.4439
125.96 107.313
128.986 112.539
132.161 117.459
135.288 122.333
124.459 137.547
129.163 137.285
134.3 136.514
137.398 135.649
139.577 134.46
93.2238 116.617
98.4712 113.074
104.425 111.836
110.125 113.175
105.363 116.464
99.2426 117.792
132.542 111.356
137.149 108.966
142.365 108.154
147.227 110.817
142.573 112.617
137.597 112.993
117.87 160.132
122.609 154.083
128.737 148.978
136.898 147.795
141.841 146.942
145.681 150.465
147.231 154.746
146.102 159.12
142.675 161.846
138.032 163.127
130.732 164.027
123.896 163.223
127.633 154.051
136.524 151.401
141.425 152.025
141.308 155.918
136.775 156.774
128.428 158.192
