85.6494 106.666
92.604 102.679
100.27 100.351
108.112 100.642
115.751 101.321
131.811 101.524
135.736 99.3804
139.688 97.8322
144.34 96.8131
148.875 97.8075
126.386 106.668
129.272 111.971
132.44 117.059
135.527 122.162
124.7 137.491
129.468 137.069
134.587 136.284
137.665 135.528
139.699 134.483
93.5827 116.184
98.7494 112.802
104.742 111.606
110.357 112.522
105.658 116.04
99.592 117.436
132.836 110.766
137.46 108.457
142.771 107.75
147.612 110.042
143.052 111.992
137.97 112.364
117.679 160.337
122.388 153.942
128.826 148.892
137.207 148.039
141.904 146.836
145.844 150.402
147.265 155.118
146.775 160.092
143.217 163.29
138.272 164.515
130.654 165.374
123.513 164.233
127.223 154.23
136.85 151.645
142.07 151.962
142.254 156.486
137.156 157.687
127.974 158.955
