82.7915 107.196
89.9479 102.363
98.1452 99.3842
106.634 99.4694
115.219 100.23
131.817 100.197
135.802 98.1881
139.93 96.8764
144.522 96.1206
148.984 97.0519
125.974 106.247
129.046 111.996
132.325 117.529
135.654 122.88
124.131 137.849
129.128 137.648
134.389 136.896
137.687 136.192
140.043 135.278
92.7627 115.825
98.1567 112.504
104.015 111.435
109.827 112.416
104.927 115.791
98.8546 116.959
132.908 110.574
137.36 108.406
142.528 107.65
147.498 110.238
142.786 112.15
137.859 112.345
116.937 161.305
122.235 155.077
128.902 149.891
137.387 149.158
141.91 148.064
145.638 151.788
147.146 156.145
146.305 160.875
142.681 163.822
138.149 164.88
130.702 165.933
123.275 165.024
127.196 155.513
136.983 153.04
141.985 153.625
141.687 157.077
136.801 157.929
127.578 159.632
