85.0327 109.003
91.5742 103.608
99.4414 100.351
107.984 100.473
116.503 101.824
131.881 102.293
135.972 99.652
140.437 97.7019
145.533 96.787
150.424 98.3575
126.53 106.436
129.517 112.072
132.958 117.514
136.445 122.804
125.285 137.938
130.264 137.522
135.469 136.693
138.255 135.815
140.264 134.634
94.7664 116.844
99.7588 113.392
105.571 112.26
111.1 113.052
106.553 116.569
100.607 117.842
133.178 111.303
137.841 109.421
142.964 108.516
147.868 110.819
143.347 112.638
138.277 112.872
118.603 161.293
123.48 154.725
129.91 149.464
138.29 148.412
142.889 147.384
146.637 151.164
147.861 155.769
147.548 161.008
144.376 164.207
139.772 165.342
132.096 166.188
124.82 164.91
128.358 154.917
137.863 152.352
142.529 152.914
142.626 156.988
138.173 157.759
129.109 159.439
