82.5788 106.633
89.3968 101.431
97.5207 98.3442
105.978 98.5847
114.473 99.7993
132.157 99.5222
136.377 97.1044
140.811 95.4895
145.83 94.7738
150.637 95.7582
125.671 105.147
128.576 110.643
131.831 116.086
135.146 121.172
124.928 136.918
129.834 136.554
134.703 135.751
137.586 135.11
139.677 134.216
92.0437 115.616
97.4074 112.022
103.54 110.714
109.444 111.638
104.51 115.156
98.2401 116.43
133.471 109.708
138.511 107.492
144.176 106.553
149.377 109.157
144.265 110.751
138.942 111.282
117.515 161.428
122.158 154.531
128.784 148.982
137.516 147.885
142.468 146.959
146.632 150.875
148.393 155.681
147.782 161.021
144.055 164.197
139.296 165.389
131.477 166.378
123.861 165.279
127.17 154.792
137.242 151.939
142.443 152.364
142.88 157.458
138.048 158.408
128.33 160.108
