83.3919 107.932
89.9799 102.526
97.9986 99.2127
106.444 99.3569
114.877 100.753
131.363 100.033
135.789 97.5596
140.526 95.9563
145.788 95.2346
150.632 96.5108
125.343 105.397
128.146 110.966
131.155 116.498
134.043 121.792
124.198 136.582
128.797 136.288
133.477 135.6
136.551 134.83
138.805 133.897
92.7898 115.829
97.9271 112.311
103.704 111.005
109.496 111.987
104.74 115.521
98.697 116.795
132.693 109.979
137.582 107.626
143.21 106.718
148.381 109.151
143.37 111.094
138.106 111.64
117.066 160.316
121.228 153.333
127.616 147.93
136.141 147.03
140.98 146.17
145.183 150.038
147.116 154.766
146.705 160.335
142.795 163.89
137.719 165.224
130.111 166.093
122.875 164.472
125.882 153.617
135.98 151.153
141.496 151.282
141.807 156.632
136.604 158.335
127.058 159.578
