82.9963 105.14
89.8238 100.533
97.6446 97.7043
105.742 98.1078
113.707 99.3462
131.09 99.0204
134.825 97.187
138.731 95.9934
143.129 95.1466
147.811 95.7506
124.696 104.449
127.662 110.069
131.009 115.475
134.376 120.645
123.089 136.709
127.766 136.296
132.854 135.493
135.904 134.805
138.028 134.085
91.3162 114.718
96.83 111.071
102.91 109.933
108.945 111.099
103.9 114.484
97.6847 115.792
131.089 109.751
135.82 107.44
141.242 106.832
146.06 109.432
141.492 111.103
136.379 111.431
116.339 159.846
120.78 153.195
127.07 147.971
135.41 147.08
140.255 146.065
143.988 150.069
145.479 154.996
145.011 160.297
141.613 163.337
136.788 164.43
129.037 165.254
122.053 163.813
125.644 153.514
135.04 150.987
140.013 151.49
140.256 155.962
135.611 157.086
126.368 158.289
