84.2661 106.468
91.0871 101.769
98.7956 98.9818
106.691 99.3275
114.483 100.464
133.288 100.009
137.427 97.7769
141.539 96.2673
146.25 95.2948
150.721 96.1647
126.729 106.061
129.561 111.302
132.63 116.364
135.598 121.137
125.341 137.255
130.154 136.974
134.946 136.388
137.886 135.606
139.922 134.752
93.2013 116.098
98.508 112.699
104.22 111.617
110.122 112.274
105.399 115.652
99.3508 116.888
134.125 110.456
139.091 108.276
144.677 107.526
149.971 110.162
144.701 111.742
139.46 111.952
117.49 161.402
122.343 154.617
129.258 149.415
138.03 148.448
143.05 147.55
147.058 151.262
148.129 156.065
147.466 161.363
143.621 164.199
138.866 165.31
131.124 166.677
123.532 165.528
126.962 155.203
137.794 152.459
143.095 153.042
142.718 157.305
137.534 158.302
127.448 160.243
