83.5755 107.723
90.4519 102.851
98.2798 99.7511
106.517 99.9257
114.782 101.193
132.285 101.252
136.661 98.6861
141.111 97.0984
146.14 96.3048
151.087 97.2193
126.231 105.983
129.009 111.197
132.2 116.379
135.2 121.318
124.767 138.203
129.649 137.611
134.625 136.872
137.619 136.142
139.689 135.505
92.3723 116.809
98.048 113.18
104.206 111.965
110.164 112.991
105.123 116.575
98.8449 117.859
133.215 111.269
138.394 108.789
144.105 107.96
149.431 110.63
144.275 112.492
138.922 112.858
117.126 161.881
122.111 155.095
129.016 149.781
137.745 148.847
142.833 147.635
146.859 151.476
148.253 155.988
147.491 161.457
143.553 164.706
138.458 165.941
130.603 167.119
123.209 165.837
126.898 155.459
137.351 152.808
142.625 153.237
142.218 157.541
137.147 158.859
127.286 160.472
