80.5649 106.371
87.6364 100.884
96.102 97.5385
104.997 97.8865
113.831 99.5199
131.805 99.0395
136.2 96.4374
140.8 95.0306
146.069 94.6264
151.011 96.0311
125.435 104.08
128.207 109.853
131.446 115.508
134.568 120.986
123.44 137.555
128.623 137.054
133.855 136.356
137.151 135.616
139.567 134.943
90.6296 115.284
96.3505 111.635
102.593 110.44
108.589 111.17
103.483 114.606
97.1634 116.083
132.544 109.418
137.849 107.211
143.701 106.525
149.086 109.044
143.755 110.868
138.208 111.207
115.502 162.349
120.394 155.514
127.26 150.023
136.163 149.375
141.283 148.183
145.612 152.34
147.519 157.127
146.637 162.533
142.739 165.85
137.693 167.128
129.552 168.345
121.756 166.712
125.7 155.975
136.076 153.587
141.506 153.971
141.531 158.527
136.329 159.401
126.448 161.341
