82.2846 107.961
88.939 102.731
96.8021 99.4065
105.153 99.6786
113.512 101.247
131.848 100.636
136.032 98.0967
140.303 96.5839
145.158 96.2352
149.89 97.3491
125.209 105.557
127.824 110.92
130.848 116.248
133.754 121.466
123.766 137.884
128.674 137.389
133.726 136.71
136.768 136.142
139.032 135.462
92.0398 116.254
97.5123 112.876
103.37 111.694
109.072 112.195
104.4 115.654
98.3356 116.987
132.39 110.642
137.483 108.657
143.138 107.935
148.364 110.027
143.283 111.947
137.836 112.316
115.873 161.761
120.72 155.089
127.409 149.754
136.099 148.569
141.201 147.66
145.24 151.913
146.762 156.374
146.043 161.521
142.368 164.48
137.48 165.687
129.639 166.851
122.113 165.6
125.306 155.255
135.942 152.569
141.312 153.059
141.119 157.715
136.117 158.712
126.12 160.545
