81.5007 108.342
88.4964 103.214
96.6178 100.192
105.048 100.32
113.49 101.524
130.866 101.03
135.201 98.6436
139.856 97.0246
145.052 96.1076
150.251 97.0052
125.155 106.149
128.327 111.921
131.785 117.569
135.182 122.991
123.715 139.292
128.719 138.439
133.881 137.512
137.076 136.816
139.444 136.357
90.7192 117.215
96.538 113.251
102.859 112.021
108.949 113.376
103.846 116.922
97.2606 118.155
132.634 111.203
137.814 108.853
143.414 108.082
148.587 110.998
143.375 112.506
138.089 112.78
116.765 163.642
121.187 156.477
128.078 151.25
136.788 150.361
141.985 149.618
146.075 153.287
147.576 157.942
146.858 163.28
142.986 166.531
137.869 167.744
130.056 168.634
122.771 167.481
126.182 156.844
136.296 154.204
141.616 154.724
141.72 159.354
136.517 160.333
126.891 161.958
