83.3904 108.828
90.4266 103.566
98.7059 100.517
107.408 100.74
115.981 102.013
132.706 101.875
137.052 99.6367
141.62 98.0285
146.767 97.3339
151.759 98.5896
127.089 107.711
130.068 113.344
133.408 118.783
136.682 124.082
125.463 139.707
130.275 139.173
135.243 138.39
138.386 137.703
140.76 137.046
93.0346 117.587
98.5617 113.598
104.882 112.363
110.833 113.956
105.83 117.311
99.3681 118.479
133.892 112.258
138.973 109.812
144.67 109.064
149.732 112.057
144.709 113.807
139.358 114.052
117.062 163.643
122.398 156.868
129.241 151.491
137.899 150.655
142.9 149.754
146.903 153.77
148.371 158.507
147.698 163.958
143.892 167.116
138.973 168.309
131.04 169.101
123.418 167.816
127.313 157.55
137.716 154.972
143.155 155.288
142.931 159.956
137.682 161.13
127.831 162.46
