82.3488 109.379
89.4061 103.94
97.6625 100.698
106.389 100.883
115.092 102.156
130.989 102.217
135.194 99.8432
139.643 98.2528
144.783 97.3907
149.934 98.4119
125.842 107.814
128.731 113.448
131.976 119.009
135.1 124.213
124.185 139.915
128.868 139.22
133.899 138.406
137.049 137.837
139.391 137.242
91.7364 117.791
97.2286 113.702
103.511 112.44
109.562 114.015
104.527 117.533
98.0644 118.865
132.932 112.058
137.941 109.67
143.573 108.904
148.57 112.01
143.577 113.618
138.284 113.907
116.333 163.798
121.3 157.024
127.959 151.636
136.548 150.769
141.589 149.84
145.523 154.043
146.892 158.871
146.453 164.11
142.594 167.274
137.625 168.531
129.839 169.174
122.323 167.929
126.425 157.311
136.228 154.547
141.369 155.316
141.291 160.326
136.402 161.493
127.02 162.618
