80.5491 107.218
87.8665 101.689
96.3989 98.4325
105.349 98.6516
114.218 100.08
132.306 99.1785
137.339 97.0247
142.342 95.6355
147.959 95.2427
153.256 97.0154
126.237 106.17
129.136 112.04
132.427 117.826
135.669 123.325
124.083 139.594
129.474 139.298
134.832 138.515
138.135 137.793
140.684 136.749
90.9428 115.951
96.8151 112.192
103.284 111.041
109.524 112.211
104.194 116.012
97.5477 117.212
133.925 110.548
138.98 108.077
144.905 107.52
150.177 110.52
144.818 112.03
139.364 112.376
115.743 164.23
121.102 157.377
128.278 151.816
137.315 151.073
142.507 150.233
146.563 154.546
148.196 159.307
147.27 164.724
143.282 168.171
138.176 169.392
129.861 170.269
122.058 168.746
126.25 158.041
136.926 155.415
142.1 156.177
142.111 160.904
137.008 162.004
126.762 163.421
