83.5093 107.465
90.3947 102.144
98.4501 99.1288
106.867 99.3538
115.328 100.624
131.824 99.7219
136.354 97.922
140.936 96.676
145.989 96.3954
150.664 97.9961
126.053 105.752
128.865 111.421
132.002 116.989
135.084 122.192
124.53 137.923
129.597 137.44
134.562 136.729
137.686 136.055
140.105 135.138
93.4362 115.683
98.5952 111.926
104.509 110.873
110.254 112.284
105.564 115.635
99.5378 116.787
133.121 110.534
137.959 108.221
143.571 107.615
148.346 110.486
143.571 112.118
138.381 112.392
116.456 161.121
121.451 154.444
128.324 149.297
136.977 148.474
141.89 147.422
145.886 150.96
147.522 155.63
147.008 161.071
143.474 164.557
138.518 165.858
130.386 166.868
122.755 165.514
126.56 154.875
136.781 152.369
141.911 152.675
141.982 157.515
137.078 158.834
127.328 160.24
