84.8383 97.334
92.0243 92.3728
100.845 91.5202
109.694 94.0199
117.776 97.729
133.799 101.694
137.712 101.239
141.699 101.437
145.158 102.039
149.209 103.74
127.657 108.099
129.913 113.218
132.265 117.955
134.189 122.924
118.076 134.847
122.253 135.682
126.935 136.285
130.909 136.881
134.617 137.265
93.8538 108.16
99.0765 105.595
105.365 105.92
110.27 109.646
104.657 110.493
98.7301 109.842
133.235 114.183
138.163 112.275
143.226 113.559
145.912 118.021
141.524 117.538
137.192 116.476
100.195 156.312
108.276 149.819
117.353 145.589
126.87 146.181
133.843 147.77
136.485 154.222
136.159 161.269
135.597 169.619
130.846 176.145
122.581 177.511
111.677 174.941
103.937 167.264
112.844 149.906
126.025 149.007
133.402 153.296
131.346 170.147
122.974 173.345
110.023 168.563
