83.8435 97.0257
91.0021 93.71
99.1377 93.3951
107.176 95.6064
114.27 99.6168
134.457 102.618
138.993 101.719
143.734 101.267
148.731 101.354
153.259 103.783
126.454 107.178
127.965 112.853
129.81 118.508
131.53 124.376
118.156 135.558
123.092 135.94
127.269 136.448
130.694 136.868
133.884 136.886
93.2706 109.036
99.0768 106.15
105.102 106.549
109.953 110.353
104.194 111.746
98.4727 111.338
134.1 113.844
139.533 111.672
145.537 112.932
149.341 117.898
144.236 118.045
138.817 116.451
105.161 157.539
110.539 151.176
118.084 147.106
126.796 147.84
132.807 148.896
136.86 154.58
138.493 161.455
134.947 164.157
130.109 165.086
124.817 164.78
117.356 163.778
110.726 161.161
114.732 151.407
125.847 151.334
132.851 154.09
132.217 160.505
125.531 159.825
114.832 158.737
