80.2363 102.122
86.8614 98.6738
94.4481 97.9086
101.947 99.2799
109.339 100.74
130.517 98.9519
136.627 96.673
143.497 94.3745
150.484 94.7282
156.21 98.0782
122.641 106.783
124.039 113.227
125.65 119.719
127.302 126.271
113.95 135.853
120.239 137.79
126.794 138.273
131.648 136.977
135.923 134.846
88.7138 113.041
93.4104 110.542
98.4232 110.105
102.853 111.261
98.2591 113.028
93.3875 113.33
136.281 110.344
140.847 108.478
145.843 108.184
150.569 110.081
145.828 111.302
141.092 111.106
106.544 163.233
110.088 155.052
117.612 149.193
126.786 147.938
135.223 147.898
142.43 153.231
145.478 161.343
143.528 169.657
137.577 176.527
128.692 178.679
118.546 178.3
110.436 172.024
115.288 153.825
126.471 150.875
136.602 153.158
137.792 169.682
127.656 171.649
115.985 170.65
