83.4798 100.225
90.1643 97.2836
97.5154 96.238
105.008 96.5696
112.065 97.669
132.871 98.5725
138.516 98.0834
144.221 97.3217
150.176 98.0462
155.351 100.744
123.959 104.996
124.923 110.353
126.269 115.546
127.544 120.589
114.778 132.718
120.101 134.346
125.833 135.119
130.086 134.854
134.199 133.572
92.8948 109.82
97.1819 107.51
102.025 107.057
106.564 109.106
101.944 110.507
97.2603 110.533
136.189 109.709
140.412 107.865
145.537 108.272
149.802 111.51
144.912 112.231
140.421 111.569
105.223 157.134
109.648 149.641
117.194 144.484
125.836 143.877
133.649 144.176
139.638 149.82
142.142 157.473
139.3 163.05
133.135 166.245
125.918 166.789
117.467 166.635
109.814 163.175
113.665 149.614
125.269 147.712
135.185 150.344
134.749 161.01
125.186 161.129
114.216 160.782
