84.2859 101.6
90.5206 98.7477
97.7606 98.0799
104.955 98.8644
111.895 100.017
131.628 99.6952
137.35 98.983
143.295 97.6127
149.391 98.3177
154.199 101.186
123.357 105.618
124.409 111.337
125.623 116.808
126.855 122.492
114.847 133.71
119.924 135.155
125.276 135.683
129.092 135.343
133.021 134.278
92.9998 111.092
97.2224 109.238
101.832 109.112
105.738 110.576
101.54 111.968
97.0501 111.946
135.812 111.308
140.034 109.191
145.178 109.299
149.522 112.105
144.689 112.962
140.21 112.606
107.013 158.954
110.412 151.175
117.439 145.325
126.386 144.28
134.533 144.986
140.409 151.078
142.536 159.326
140.362 165.98
134.544 171.244
126.682 172.059
117.804 171.445
110.596 166.175
114.947 150.283
126.255 148.22
135.772 150.996
135.792 164.938
126.369 165.89
115.611 164.636
