88.2332 101.878
94.2739 98.5425
100.936 97.7876
107.849 98.6439
114.714 100.26
137.628 102.051
142.931 101.052
148.569 100.622
154.024 101.923
158.019 105.462
128.078 110.002
129.511 116.177
131.057 122.222
132.361 128.113
119.603 138.857
123.892 139.691
128.311 140.187
131.825 140.045
134.748 139.583
95.6891 112.312
101.112 109.374
107.358 109.506
112.394 112.879
107.018 114.55
101.131 114.446
136.729 115.012
141.934 112.187
147.857 112.406
152.138 116.792
147.082 117.932
141.699 117.174
108.081 157.992
114.339 153.517
121.14 150.541
127.982 150.786
133.725 150.96
138.422 154.391
141.426 159.41
137.684 163.098
132.499 164.696
126.704 164.463
119.691 164.032
113.111 162.006
117.49 154.703
127.543 154.317
134.956 155.766
134.608 160.01
127.284 159.9
117.304 159.039
