86.9058 101.631
92.7645 98.2886
99.289 97.3061
106.122 98.0648
112.814 99.8011
135.402 101.29
140.435 100.532
145.687 100.457
150.967 101.574
155.118 104.585
126.022 109.968
127.414 115.821
128.852 121.538
129.991 127.123
117.914 137.92
121.879 139.217
126.3 140.074
129.886 139.701
132.83 138.692
94.4052 111.967
99.7078 109.146
105.629 109.239
110.338 112.317
105.313 113.802
99.7226 113.732
135.227 114.628
139.869 111.674
145.355 111.829
149.448 116.039
144.752 116.923
139.872 116.379
105.826 156.065
112.068 152.089
118.931 149.379
126.073 149.728
131.505 149.652
135.917 152.94
139.006 157.286
135.192 160.145
130.389 161.397
125.179 161.284
118.307 160.767
111.664 159.015
115.716 153.761
125.774 153.622
132.548 154.635
132.269 157.06
125.562 156.855
115.534 156.174
