87.9224 101.852
93.7936 98.1396
100.536 97.1586
107.534 97.9564
114.273 100.148
135.062 101.609
140.146 100.546
145.542 100.148
151.024 101.229
155.298 104.491
126.073 108.175
127.434 113.925
128.904 119.61
130.094 125.267
118.652 135.942
122.663 136.658
126.704 137.062
129.954 137.119
132.866 136.821
95.4633 110.957
100.445 107.965
106.284 108.072
110.963 111.222
105.847 112.812
100.39 112.743
134.94 113.403
139.777 110.886
145.52 111.283
149.614 115.745
144.782 116.369
139.619 115.497
108.226 155.5
113.485 150.289
119.758 146.744
126.53 146.76
132.178 147.3
136.618 151.432
139.074 157.125
135.827 161.341
130.691 162.92
125.093 162.374
118.427 161.954
112.421 159.845
116.566 151.04
126.089 150.443
133.016 152.241
132.669 157.773
125.879 157.426
116.579 156.745
