86.543 101.734
92.7997 98.204
99.6272 97.0692
106.896 97.6947
113.775 99.7124
135.496 101.398
140.47 100.375
145.913 99.845
151.431 100.778
155.654 104.123
125.916 108.68
127.469 114.284
129.222 119.919
130.705 125.492
118.329 136.845
122.722 137.492
127.172 137.902
130.66 137.88
133.752 137.529
94.6227 111.518
99.9426 108.241
106.086 108.367
111.016 111.661
105.771 113.289
100.167 113.182
134.715 113.777
139.876 110.866
145.843 111.037
150.214 115.773
145.128 116.716
139.82 115.93
108.252 156.433
113.848 151.305
120.182 147.711
127.012 147.57
132.767 148.192
137.093 152.387
139.234 158.384
135.864 161.874
131.017 163.131
125.745 162.788
119.08 162.347
112.958 160.501
116.73 152.211
126.601 151.542
133.653 153.369
133.36 158.473
126.359 158.314
116.721 157.458
