87.8338 103.452
93.7133 99.4138
100.514 97.8666
107.705 98.1082
114.622 99.8416
136.337 101.118
141.563 100.372
146.994 100.221
152.344 101.529
156.556 104.736
127.086 108.865
128.649 114.544
130.317 120.179
131.67 125.693
119.585 137.087
123.968 137.819
128.409 138.17
131.956 138.127
135.258 137.747
95.8308 112.16
101.076 108.988
106.958 109.203
111.995 112.214
106.75 113.843
101.142 113.848
136.203 113.991
141.173 111.343
146.968 111.6
150.938 116.036
146.161 116.621
141.039 115.818
109.332 157.775
114.564 151.694
121.254 147.669
128.637 147.48
134.899 148.277
139.433 152.902
141.473 159.157
138.215 163.899
132.7 165.575
126.924 165.031
120.113 164.576
113.812 162.296
118.093 152.484
128.184 151.507
135.52 153.641
134.85 159.951
127.691 159.62
118.074 158.991
