86.6348 101.825
92.7019 97.6866
99.7668 96.0156
107.231 96.587
114.286 98.3318
134.64 99.7171
139.863 99.1081
145.309 98.6498
150.821 99.7719
155.091 103.037
126.15 107.567
127.681 113.326
129.395 119.094
130.92 124.662
118.478 136.328
122.907 136.824
127.361 137.112
130.794 137.048
133.902 136.573
94.5916 111.77
99.8875 107.973
105.947 108.18
110.87 111.615
105.643 113.335
100.02 113.4
135.238 113.306
140.225 110.208
146.091 110.514
149.868 115.631
144.92 116.099
140.019 115.262
107.714 157.772
112.747 151.174
119.558 146.926
127.247 146.816
133.134 147.414
137.193 152.279
138.495 159.167
135.65 163.64
130.609 165.08
125.206 164.721
118.537 164.228
112.145 162.29
116.314 151.619
126.802 150.549
133.599 152.701
132.639 160.381
125.99 160.308
116.227 159.547
