84.8132 104.711
90.9078 100.002
97.9467 98.2199
105.47 98.465
112.848 99.6622
132.725 100.132
138.47 99.6035
144.187 99.0287
149.873 100.417
153.745 104.107
124.82 109.047
126.329 114.487
127.798 119.723
129.099 124.84
117.889 136.931
122.191 137.711
126.649 138.162
130.38 137.655
133.693 136.794
93.0625 114.389
98.161 111.052
104.339 111.014
109.568 114.252
104.31 115.978
98.3974 116.031
134.105 114.342
139.143 111.235
145.183 111.385
149.493 115.795
144.388 116.862
139.119 116.26
107.27 156.541
112.862 151.673
119.369 147.866
126.598 147.514
132.869 147.742
138.09 151.288
141.54 156.001
137.443 159.509
132.094 161.371
125.946 161.663
118.876 161.614
112.487 159.991
116.306 152.02
126.503 150.883
134.439 152.134
133.811 157.044
126.131 157.122
116.355 156.9
