85.7118 104.703
91.7965 100.147
98.8122 98.2906
106.327 98.681
113.41 100.429
132.971 100.772
138.832 99.6704
144.812 99.05
150.76 100.495
154.79 104.586
125.225 108.79
126.644 114.355
128.079 119.66
129.34 124.84
118.781 136.794
122.942 137.439
127.238 137.789
130.948 137.401
134.382 136.686
94.2123 114.43
99.0875 111.068
105.104 110.932
110.3 113.931
105.197 115.76
99.467 115.851
134.571 114.184
139.602 111.277
145.699 111.444
149.948 115.722
144.908 116.731
139.63 116.199
108.19 156.77
113.821 151.719
120.343 147.924
127.525 147.743
133.718 147.67
138.991 151.132
142.39 155.932
138.326 159.543
132.946 161.526
126.808 161.949
119.801 161.862
113.331 160.259
116.938 152.107
127.444 150.955
135.686 152.018
134.946 157.167
126.946 157.322
116.819 157.178
