84.5931 103.685
91.0164 99.8147
97.9159 98.6329
105.069 99.1302
111.934 100.589
132.714 101.2
138.134 100.057
143.718 99.3077
149.352 100.35
153.346 103.828
123.759 108.813
125.332 114.493
126.989 120.041
128.507 125.331
116.966 137.956
121.584 138.508
126.198 138.847
130.183 138.336
133.844 137.562
91.8569 114.568
97.1518 111.248
103.51 110.985
108.717 114.08
103.47 115.891
97.4224 116.077
133.255 114.33
138.586 111.497
144.957 111.6
149.338 115.786
144.18 116.824
138.638 116.217
106.229 157.346
112.448 152.42
119.321 148.862
126.652 148.378
132.805 148.392
137.997 151.926
141.143 156.742
137.076 160.083
131.865 161.911
126.017 162.192
118.818 162.235
112.051 160.656
115.383 153.492
126.47 152.159
134.687 153.314
133.886 157.389
125.919 157.285
115.228 157.287
