82.7609 99.5505
89.351 96.0636
96.9371 96.2531
104.671 97.8601
111.914 100.483
133.247 100.081
139.152 98.4684
145.363 97.3686
151.404 98.3768
156.113 102.24
124.402 110.5
125.859 117.118
127.425 123.649
128.716 130.001
117.485 139.851
121.878 140.574
126.358 140.787
129.712 140.338
132.644 139.791
92.6065 113.715
98.1249 110.375
104.551 110.435
109.887 113.575
104.375 116.102
98.0847 116.119
133.929 114.092
138.895 111.079
144.819 111.241
149.418 114.717
144.556 116.779
139.032 116.281
107.063 160.597
112.709 154.977
119.477 150.857
126.791 150.977
132.557 150.681
137.513 154.449
140.375 159.552
137.511 164.747
132.22 167.842
126.144 168.509
118.49 168.629
111.503 166.162
116.1 155.719
126.583 154.103
133.971 155.487
133.602 162.195
126.306 162.86
115.99 162.527
