91.0527 96.839
96.0753 96.2765
101.3 98.2304
106.161 100.469
111.077 102.426
132.794 101.659
140.881 100.229
148.692 99.5374
156.156 101.331
162.835 105.577
120.597 111.619
118.706 119.034
116.913 126.097
115.318 133.105
111.056 140.633
113.976 142.036
117.421 142.543
122.257 142.399
126.716 141.941
97.3173 111.988
101.692 111.145
106.807 111.671
111.943 113.154
106.571 115.202
101.314 114.871
137.041 113.571
141.973 112.356
147.442 112.696
152.78 114.243
147.367 115.979
141.755 115.939
106.633 163.171
108.691 157.428
113.778 153.939
119.422 154.392
127.154 154.117
134.068 157.807
140.043 162.8
134.541 167.665
127.473 170.64
119.547 171.293
113.341 170.921
108.567 168.096
111.648 158.222
119.588 157.502
130.468 158.845
130.209 164.277
119.706 164.354
112.062 163.972
