77.3934 107.87
81.7814 99.5965
90.5994 96.4706
100.64 96.6444
110.281 96.6128
141.648 86.1192
146.739 81.6199
152.316 77.1379
158.242 75.7547
163.711 78.8224
130.907 102.608
134.69 109.444
138.468 116.21
142.551 123.384
130.655 136.018
137.226 136.423
144.012 135.423
148.197 132.404
150.528 128.67
96.6029 115.768
100.316 111.26
105.933 109.637
112.476 109.578
107.861 112.665
102.632 114.918
141.511 97.7361
145.554 94.6442
149.889 93.3389
154.576 93.5385
151.002 95.6756
146.785 97.3351
121.423 156.3
129.985 153.795
137.721 150.903
146.049 149.221
149.73 145.977
154.229 143.857
159.827 141.853
157.131 148.367
153.279 153.353
147.838 156.473
139.253 158.338
130.526 158.451
136.761 154.104
146.379 152.101
151.877 148.421
151.919 148.544
146.451 151.715
136.99 154.15
