78.0829 91.4688
82.8932 88.7079
89.5491 90.1832
95.7997 92.7704
102.334 96.105
131.856 95.5723
139.183 89.1756
147.608 84.6539
156.705 83.9094
163.867 87.6487
116.948 107.229
115.921 116.189
114.733 125.001
113.473 133.627
106.66 141.415
110.471 143.34
115.516 143.983
122.551 143.084
128.869 140.913
90.6721 109.571
96.3213 109.054
101.596 108.452
106.245 108.563
100.919 110.18
95.4895 110.595
134.497 109.668
140.411 109.676
146.444 109.108
152.154 108.627
146.519 111.179
140.433 111.392
103.924 156.628
108.442 154.315
113.761 153.238
119.25 154.56
126.445 153.911
133.203 155.385
140.387 157.432
134.955 162.317
127.559 164.738
118.817 165.321
111.923 164.427
106.858 161.849
112.724 157.219
119.558 158.257
129.254 158.07
128.214 159.02
118.574 159.394
112.055 158.431
