74.7102 92.6611
78.0823 88.1877
83.9394 85.6532
90.7291 85.2336
98.1011 85.3368
131.786 81.4905
139.513 78.232
147.262 75.4105
155.132 76.9482
161.517 80.9345
116.319 106.915
116.288 116.744
116.302 126.374
116.046 135.625
109.343 139.54
113.896 141.946
120.307 142.979
127.586 140.633
133.682 136.95
88.6791 111.687
94.8951 108.936
100.924 108.38
106.43 110.24
100.59 113.337
94.0973 113.958
133.222 107.964
139.066 103.587
145.783 101.406
153.032 103.384
147.491 109.256
140.244 110.144
108.677 155.513
113.026 152.741
117.983 150.854
123.295 150.381
131.227 148.805
139.099 149.014
148.13 150.07
143.907 160.919
136.232 168.197
126.272 170.905
117.911 169.726
112.102 163.656
116.78 154.312
124.108 154.079
135.973 151.218
137.728 161.204
125.256 164.425
116.157 163.391
