81.3449 103.884
85.1785 100.624
91.0252 99.8271
97.1115 99.6526
103.39 101.139
130.52 96.5973
137.632 93.7068
145.102 91.8864
152.757 91.8662
159.08 94.7093
117.64 110.376
117.336 120.002
117.103 128.999
116.31 137.798
108.988 139.298
113.871 142.437
120.019 143.301
126.587 141.67
132.527 138.451
92.4405 113.23
97.8764 111.202
104.105 110.409
110.088 111.774
103.902 113.962
97.688 114.286
133.457 110.75
138.781 107.833
145.541 106.706
152.084 107.895
146.13 111.099
139.745 111.74
109.256 155.842
110.601 150.018
116.315 147.767
123.36 149.01
132.63 147.045
141.924 147.402
150.258 150.391
146.422 161.834
137.915 170.456
126.151 173.932
117.041 171.222
111.794 163.888
115.493 150.635
123.688 151.047
136.849 149.025
139.323 163.878
125.851 168.791
116.081 164.674
