79.2699 106.084
82.8378 101.436
89.1294 99.5813
95.7296 99.702
102.551 100.91
125.564 94.1291
133.014 89.5456
141.255 85.8196
149.59 85.2381
156.646 89.9112
116.551 107.775
117.981 117.294
119.346 126.221
120.783 134.841
113.696 139.456
118.291 140.674
123.918 140.536
129.201 138.539
133.636 135.092
91.7391 115.302
96.3021 113.241
101.241 111.486
106.382 111.405
101.759 114.559
96.4962 115.543
132.877 106.278
137.527 104.345
142.809 102.294
148.992 102.069
144.103 105.881
138.433 106.795
113.148 161.898
112.957 153.75
119.03 149.736
126.567 149.205
135.043 146.594
143.78 147.639
151.31 151.904
149.847 163.489
144.005 173.442
132.999 178.105
122.828 177.015
116.245 170.181
119.041 153.731
127.461 152.119
138.52 149.882
144.225 166.84
132.693 173.221
121.523 170.431
