87.029 102.316
92.3721 98.3275
99.1446 97.1784
105.936 97.9527
112.517 99.9272
131.802 99.248
140.411 97.3985
148.825 96.6277
157.395 98.7377
164.84 103.573
120.732 107.281
119.735 114.23
118.559 121.303
117.604 128.296
112.057 138.982
115.268 140.495
118.622 141.483
123.878 141.205
128.796 139.747
93.8049 113.7
98.6304 111.247
104.309 110.878
109.833 111.88
104.447 113.101
99.1859 113.698
138.922 111.971
144.285 110.94
150.332 111.323
156.097 113.569
150.214 113.885
144.162 113.437
104.398 161.705
107.923 156.729
113.172 152.556
119.181 152.457
126.814 152.343
133.551 156.065
139.425 160.27
134.193 166.083
127.402 170.167
119.591 171.059
112.933 170.684
107.395 167.058
112.756 158.604
119.35 157.13
128.125 157.743
127.904 162.077
119.301 163.163
112.887 162.76
