88.7196 106.104
92.8781 101.757
98.5255 100.16
104.472 100.313
110.096 102.219
127.765 98.9026
135.513 96.2651
143.614 95.1533
151.48 97.0586
158.958 100.76
119.329 107.703
118.889 115.014
118.163 122.183
117.477 129.424
113.613 140.219
117.013 140.859
120.881 140.973
125.88 139.887
130.684 138.583
97.9473 119.723
101.235 116.145
105.948 115.527
110.711 116.3
106.649 118.115
102.207 119.066
136.641 112.502
140.539 109.705
145.617 109.335
150.878 111.691
146.309 112.75
140.971 112.87
109.81 163.382
111.524 157.019
115.413 151.337
121.533 150.017
129.873 149.591
137.172 153.215
143.391 157.926
139.22 164.956
132.661 170.38
124.246 172.712
117.858 172.789
112.239 169.209
114.584 156.604
121.635 153.288
132.462 153.927
133.879 163.754
123.335 166.718
116.067 166.566
