89.2368 103.615
93.5625 99.0285
99.3899 96.3275
105.638 96.5085
111.719 98.6928
132.213 98.6849
140.37 97.2702
148.447 96.7326
156.608 98.88
164.44 102.504
122.668 109.095
121.94 116.684
121.085 123.905
120.34 131.393
114.678 142.226
118.78 143.278
123.117 143.681
128.592 142.982
133.591 141.742
97.3317 116.686
101.603 113.489
107.254 113.222
112.318 115.351
107.43 116.853
102.047 117.358
139.925 114.108
144.89 111.85
150.771 111.751
156.685 114.454
151.163 115.493
145.111 115.335
106.024 161.906
110.556 156.469
116.872 152.586
123.748 152.703
132.248 152.181
140.358 155.543
147.278 160.334
141.206 165.705
133.04 168.307
124.363 169.026
117.287 168.951
110.384 166.709
115.03 157.798
123.761 156.252
135.385 156.623
135.046 162.048
123.929 162.987
115.453 162.79
