87.9759 98.4423
92.0203 93.135
98.415 90.6947
105.032 91.5842
111.185 94.3292
135.236 98.2682
143.142 97.2433
150.966 97.557
158.219 100.035
164.861 104.451
123.798 109.951
122.861 117.751
121.996 125.467
121.136 133.191
113.63 142.465
117.549 143.825
122.024 144.591
127.436 144.248
132.226 143.48
96.2336 115.443
100.667 113.967
105.786 113.616
110.635 115
105.87 115.572
100.806 116.073
140.857 115.688
145.72 115.086
150.43 115.617
155.393 117.41
150.549 117.598
145.465 117.052
103.992 163.631
109.076 159.702
115.295 156.863
121.923 157.441
129.672 157.268
136.889 160.687
143.169 164.355
136.989 167.902
129.428 169.306
121.765 169.25
115.066 169.113
108.808 167.103
113.073 161.696
121.822 161.388
132.436 162.4
131.963 164.005
121.712 163.633
113.189 163.628
