87.9357 107.529
91.8245 102.744
97.6069 100.809
103.746 100.934
109.457 103.149
128.745 98.5776
136.521 96.0359
144.51 94.3531
152.663 96.1047
160.693 99.7027
119.645 109.79
119.551 117.39
119.563 124.94
119.539 132.844
115.944 141.811
119.98 143.078
124.408 143.359
129.574 141.404
133.875 138.756
97.294 118.883
101.377 115.757
106.804 115.197
112.141 116.091
107.387 118.204
102.105 119.268
136.334 111.943
140.546 108.641
146.331 108.611
152.338 110.6
147.136 112.289
141.457 112.561
111.193 160.687
114.959 155.744
119.724 151.76
125.376 151.279
132.815 149.833
140.422 151.536
147.733 154.304
142.556 160.107
136.143 164.948
128.228 167.636
121.723 167.861
115.521 165.399
118.16 156.942
125.916 154.952
135.895 153.626
136.824 158.006
126.878 161.192
118.75 161.013
