84.7373 101.513
90.3202 98.3626
97.1664 98.1914
103.849 99.8026
110.112 101.68
131.243 99.4111
139.652 96.7525
148.072 94.6449
156.622 95.3764
163.932 98.593
120.516 109.282
119.604 118.197
118.757 127.335
117.978 136.419
112.638 142.741
116.773 143.975
121.124 144.214
126.443 143.058
131.368 141.767
94.4943 113.647
99.6595 110.724
106.127 110.77
112.332 113.05
106.526 115.622
100 115.898
136.291 111.95
141.935 108.592
148.763 108.26
154.517 110.194
149.209 113.206
142.671 113.465
107.004 158.504
111.829 157.049
117.163 155.834
122.392 157.054
130.176 155.159
138.348 155.713
146.345 156.459
139.412 161.823
131.909 165.664
123.396 167.232
117.174 166.448
111.59 163.205
114.77 159.752
122.527 160.772
133.655 158.596
133.726 159.363
122.811 161.411
115.158 160.374
