86.3066 105.273
91.1196 101.066
97.4408 99.5585
103.891 99.9198
110.094 101.704
131.449 99.5642
140.288 96.8022
149.14 95.459
157.577 97.7344
164.862 102.45
120.851 110.65
120.35 118.828
119.804 127.144
119.464 135.425
113.56 143.348
117.534 144.087
122.247 144.348
127.775 143.395
132.52 141.82
95.1235 116.208
99.7426 113.255
105.631 113.332
111.224 114.971
105.729 116.519
100.121 116.922
137.072 113.447
142.2 110.277
148.311 110.113
153.924 112.62
148.547 114.067
142.515 114.169
107.523 164.36
111.108 158.594
117.086 154.686
123.928 154.566
132.838 153.698
141.111 156.425
147.861 161.228
143.411 169.585
136.089 176.211
125.744 178.392
117.615 177.204
111.331 171.498
115.288 159.635
123.855 158.547
135.367 158.17
137.156 168.844
125.347 171.645
115.999 169.951
