90.185 89.6963
93.056 85.3376
98.1924 83.574
103.584 84.783
108.5 87.0847
140.617 88.1885
148.723 85.5216
157.48 84.2924
165.653 86.9984
171.123 93.0772
122.941 107.373
120.724 114.705
118.224 122.201
115.848 129.696
110.705 140.277
114.061 142.301
118.936 142.969
125.065 142.502
130.347 140.736
97.883 114.233
101.985 112.165
107.295 111.819
112.676 113.481
107.55 114.533
102.61 114.876
141.85 114.247
147.693 112.484
153.414 112.861
158.951 114.838
153.439 115.568
147.656 115.486
103.121 161.692
107.561 158.095
112.364 154.864
117.67 154.89
126.138 154.891
133.919 158.751
141.799 161.844
133.808 163.804
125.689 165.154
117.758 165.398
112.355 165.367
107.111 164.151
110.514 160.115
117.401 159.428
128.736 160.146
128.42 160.451
117.552 159.784
110.804 160.328
