91.2148 93.6839
94.0985 90.2219
97.8948 88.008
102.522 88.2762
106.927 89.8218
134.095 89.8023
142.015 87.4042
150.351 86.7785
158.071 89.9727
163.654 96.0236
118.589 107.049
116.334 114.146
113.766 121.397
111.264 128.602
108.296 137.991
110.895 139.926
115.16 140.544
121.146 140.084
126.833 138.166
98.8268 115.248
102.149 113.241
106.839 113.006
111.32 113.689
107.107 114.38
102.636 115.137
136.59 113.907
141.146 112.353
146.49 112.451
151.98 114.19
146.922 114.535
141.396 114.348
102.808 157.382
105.15 152.779
109.713 149.093
115.403 149.331
124.072 149.19
132.139 152.827
139.347 157.257
133.407 164.171
124.92 168.882
115.517 170.352
108.847 169.037
104.401 164.001
108.781 153.952
115.567 152.834
127.305 153.776
127.866 163.296
115.698 165.67
108.585 163.349
