91.4809 91.2475
95.1199 88.6773
99.3587 87.2975
103.968 88.6709
108.319 90.7397
134.781 91.5488
143.324 89.187
152.216 88.5
160.217 91.829
166.686 97.758
120.164 108.524
117.71 116.706
115.076 124.997
112.479 133.236
107.485 140.071
110.568 142.654
115.383 143.754
122.169 143.332
128.649 141.704
100.303 115.181
103.64 113.451
108.047 113.393
112.343 113.984
108.565 114.599
104.131 115.181
138.113 115.628
142.78 114.019
147.987 114.352
153.16 115.995
148.377 116.221
142.975 116.209
104.741 161.105
106.036 156.264
110.604 153.298
116.229 153.491
125.612 153.86
134.923 157.157
143.321 161.828
137.355 170.485
128.155 177.054
117.003 178.972
109.44 175.655
106.024 168.642
109.578 158.031
116.305 157.065
129.856 158.535
131.287 171.027
116.921 173.907
109.463 169.631
