91.3306 90.6068
95.0988 88.04
99.5674 87.7315
103.826 89.6893
107.579 92.8825
134.556 93.4917
142.264 90.2793
150.794 88.9991
158.986 91.5072
165.79 96.5895
120.026 110.27
117.636 117.97
115.139 125.975
112.534 133.884
107.827 141.365
111.096 144.22
115.753 145.306
122.59 144.849
129.157 142.729
99.1349 115.18
102.681 113.216
107.159 113.493
111.482 114.805
107.222 115.246
102.773 115.606
138.474 116.364
143.132 114.044
148.564 114.347
153.995 116.481
148.873 117.278
143.243 117.302
104.133 159.312
107.125 156.196
111.617 154.594
116.264 155.402
125.561 155.199
134.88 157.485
143.706 161.076
136.763 167.934
127.596 172.351
117.639 173.337
110.888 171.327
106.253 166.081
110.364 158.826
116.728 159.361
129.456 159.788
130.036 165.354
117.687 166.759
110.622 164.373
