86.1113 100.49
91.628 95.8644
98.1108 93.6526
104.973 93.7234
111.591 94.6152
136.625 93.0156
138.69 90.7813
141.062 89.7008
143.492 90.2708
145.642 91.9198
126.517 110.993
131.606 117.888
137.027 124.219
142.487 130.607
122.815 141.319
129.626 142.059
136.293 141.447
139.613 139.93
141.66 137.544
96.9925 119.062
101.327 117.071
106.193 116.294
110.533 117.807
106.786 120.03
102.05 120.62
132.208 114.741
135.883 112.759
139.582 111.67
141.614 113.227
140.044 115.729
136.448 116.508
106.523 157.751
115.377 153.587
124.616 150.565
133.867 149.534
137.8 148.841
141.182 149.65
142.663 151.195
143.144 158.661
140.45 164.268
134.831 166.819
124.607 167.599
114.615 164.253
120.961 154.719
133.761 152.398
138.885 151.616
139.783 158.055
134.667 161.716
121.175 161.877
