92.9413 97.6979
99.7161 95.192
107.321 95.2506
114.477 97.4717
121.433 100.415
143.933 105.749
147.559 104.851
151.568 104.618
155.696 105.453
159.354 107.558
132.026 112.881
133.63 121.733
135.052 130.764
136.301 139.92
117.529 140.51
123.268 143.33
129.236 145.076
133.375 144.865
137.064 143.588
100.7 108.399
105.882 108.396
111.212 108.445
115.016 110.895
110.513 111.949
105.398 111.031
138.331 115.702
143.391 115.065
148.381 115.386
152.317 117.519
147.993 118.943
143.317 118.408
99.3467 149.933
108.392 150.185
117.303 151.366
125.73 152.928
130.182 153.361
134.617 153.611
138.697 154.455
134.772 160.382
129.49 164.811
122.634 165.628
113.31 162.939
105.457 157.223
112.755 153.271
124.882 155.533
131.902 155.337
131.862 158.446
123.872 160.863
111.35 156.879
