90.6979 106.217
95.2208 103.902
100.442 103.006
105.694 103.142
110.992 103.995
129.817 100.673
135.463 98.6461
141.311 97.3094
147.485 97.0908
152.747 99.2924
121.019 114.479
121.165 120.54
121.498 126.65
121.89 132.865
116.906 140.742
120.325 141.431
124.245 141.576
128.138 140.103
131.651 138.19
97.6144 117.915
101.502 113.582
107.204 112.839
112.156 116.094
107.399 118.654
102.175 119.039
133.031 113.713
137.659 109.222
143.476 108.391
148.762 111.643
144.433 114.689
138.727 115.2
111.605 155.54
115.732 150.869
120.34 148.116
125.676 148.089
131.395 146.467
137.108 147.432
142.504 150.153
139.525 155.729
134.57 160.102
128.016 162.675
121.479 162.566
115.735 160.057
119.412 151.871
126.044 151.339
133.645 149.707
134.684 155.807
127.065 158.653
119.81 158.531
