88.0682 106.596
92.5095 104.366
97.5739 103.731
102.62 103.913
107.656 104.777
128.001 101.057
133.716 99.1307
139.613 97.6123
145.775 97.1801
151.209 98.9447
118.273 116.119
118.341 122.142
118.562 128.065
118.827 134.049
114.442 141.847
117.944 142.459
121.549 142.601
125.562 141.178
129.253 139.242
95.7642 118.653
99.3721 114.199
105.206 113.306
110.19 116.749
105.737 119.269
100.381 119.788
131.148 113.948
135.877 109.312
141.768 108.522
147.074 111.865
142.803 114.721
137.019 115.272
110.175 156.73
113.995 152.263
118.39 149.477
123.319 149.519
129.203 147.634
135.176 148.185
141.078 150.391
137.852 156.069
132.899 160.803
126.338 163.673
119.964 163.641
114.321 161.232
117.835 153.214
124.067 152.944
131.82 150.574
132.899 156.015
124.953 159.312
118.147 159.287
