84.0572 99.1259
90.733 94.0252
99.1397 92.7137
107.656 94.7421
115.913 97.1766
137.386 101.209
144.727 99.7465
152.458 99.1308
159.548 101.157
164.489 106.933
125.775 111.218
125.81 118.628
125.861 125.909
125.869 133.168
115.355 141.116
119.262 142.275
123.719 142.924
128.304 142.845
132.246 142.138
93.2082 110.581
99.6787 107.401
106.252 107.687
111.036 111.994
105.863 113.858
99.2584 113.735
138.35 114.519
144.598 111.589
150.648 111.911
155.895 116.023
150.286 118.514
144.093 117.846
102.163 159.017
109.639 156.752
116.767 155.32
123.519 156.231
129.291 155.799
134.495 157.758
138.858 161.245
134.291 163.492
128.854 164.673
122.994 164.979
115.472 164.23
108.352 162.282
115.152 158.887
123.032 159.34
129.879 159.578
129.867 160.195
123.033 160.465
114.873 159.782
