83.1103 98.1267
89.6823 93.3755
98.051 91.9845
106.468 93.9028
114.589 96.4619
137.572 100.426
145.067 98.8685
153.082 98.4591
160.45 100.618
165.218 107.002
125.825 109.976
125.949 117.977
126.02 125.855
126.088 133.512
114.944 141.401
119.46 142.617
124.458 143.285
128.849 143.038
132.538 142.291
92.4048 110.026
98.846 107.305
105.676 107.72
110.659 111.908
105.029 113.197
98.3724 112.927
138.207 114.652
144.366 112.074
150.63 112.123
156.148 116.167
150.29 118.379
144.033 117.645
100.539 157.844
108.246 155.831
115.952 154.921
123.304 155.881
129.154 155.788
134.591 157.574
139.295 161.382
134.351 163.389
128.587 164.467
122.477 164.492
114.433 163.595
107.061 161.229
114.259 158.63
122.714 159.094
129.611 159.719
129.887 160.652
122.66 160.494
113.914 159.619
