84.2509 97.9686
91.1611 94.1607
99.4598 93.7568
107.639 95.9692
115.881 98.7815
137.953 102.11
145.666 100.174
153.673 99.534
161.324 101.259
166.932 105.798
126.279 111.455
126.139 120.267
125.897 128.832
125.898 137.632
112.847 140.298
118.124 143.111
124.255 144.757
129.677 143.998
134.388 142.36
91.7313 110.21
98.0609 108.293
105.084 108.731
110.306 112.32
104.521 112.801
97.7972 112.058
140.563 114.763
146.271 112.548
152.51 112.382
158.414 115.902
152.462 116.97
146.218 116.587
98.8454 152.008
106.98 151.215
115.633 151.473
124.098 153.12
130.86 152.206
137.73 152.757
144.704 154.834
138.886 158.763
132.039 161.301
124.028 161.695
114.921 159.999
106.474 156.766
114.655 154.103
123.808 155.786
131.349 155.304
131.765 156.366
124.095 156.794
114.816 155.207
