82.42 104.658
87.6147 99.8193
93.3319 96.1386
99.8933 94.3376
106.725 93.9732
132.445 92.2647
135.036 90.2362
138.048 89.0677
141.277 89.3842
144.458 91.046
124.66 109.143
129.149 115.351
134.045 121.178
138.685 126.936
124.482 140.567
130.406 140.051
135.891 139.016
138.973 137.797
141.112 135.788
95.9793 121.261
100.058 118.869
104.817 117.557
109.777 118.021
105.798 120.543
100.828 121.89
131.257 114.442
135.306 112.517
139.533 111.436
142.836 113.099
140.105 115.26
135.649 115.719
112.636 159.352
120.031 155.252
127.975 151.169
136.613 149.364
140.337 148.314
143.698 149.689
144.912 151.975
144.715 156.657
142.107 160.093
137.481 161.958
129.041 163.108
120.699 162.078
125.5 155.255
136.735 151.851
140.51 151.635
141.136 156.605
137.577 158.587
126.4 159.834
