88.4978 98.3743
94.2254 96.31
100.149 97.3201
105.672 98.7443
110.918 101.744
132.967 97.7512
138.864 95.2496
144.982 93.712
151.502 93.2672
158.128 94.4546
123.251 108.185
123.806 117.678
124.43 126.921
125.196 136.176
119.079 139.652
123.092 141.481
127.614 141.599
131.925 140.049
135.05 137.634
97.0561 112.46
101.923 112.916
107.167 112.612
111.331 111.444
107.066 113.365
101.732 113.672
137.592 110.31
142.874 110.771
148.657 110.869
153.085 110.673
148.168 111.872
142.616 111.683
115.63 155.198
119.248 151.39
124.021 149.619
129.068 149.812
135.112 148.451
140.936 148.93
146.402 152.02
143.108 158.337
138.097 163.442
131.277 165.698
124.347 164.872
119.17 161.379
123.685 153.29
129.815 152.735
137.532 151.675
138.166 157.215
130.133 159.524
123.533 158.654
