81.6504 102.51
88.48 99.0124
96.4211 97.942
104.553 98.3552
112.53 99.9771
132.643 94.018
137.723 89.5295
142.596 85.914
147.841 82.6744
153.23 82.2512
126.897 107.047
130.37 117.81
134.16 128.971
137.78 139.934
124.699 142.27
130.355 144.236
136.689 144.194
140.885 141.735
143.28 137.735
92.3917 118.089
98.9454 119.092
105.157 117.621
110.439 114.138
105.421 117.946
98.8557 119.362
136.802 104.78
142.735 104.879
148.429 104.193
152.137 101.158
147.777 103.895
142.453 105.46
115.84 158.984
122.093 155.228
128.428 152.896
135.157 151.91
139.84 149.761
144.133 148.3
148.005 148.278
145.654 154.722
142.828 160.101
137.386 163.804
129.577 164.438
122.365 162.695
126.526 157.029
135.484 155.133
141.467 152.106
141.444 153.514
135.535 156.74
126.603 158.781
