84.2978 100.913
89.3037 96.1707
95.5699 93.3498
102.537 92.1495
109.426 91.8396
134.771 93.7526
137.528 92.8702
140.752 92.8197
143.807 93.8722
146.857 95.661
125.637 108.894
130.298 115.651
135.062 121.97
139.671 128.505
123.621 142.833
129.585 142.551
135.268 141.807
138.783 141.107
141.479 139.754
93.0341 118.298
98.4289 115.858
103.694 115
109.047 116.319
104.107 118.161
98.5439 119.149
132.752 114.153
137.467 112.452
141.587 111.886
145.27 114.294
141.569 115.311
137.245 115.346
111.558 161.9
118.828 157.853
126.909 154.36
135.973 153.226
140.21 152.337
143.986 153.93
145.746 156.489
144.742 160.98
141.094 164.086
136.485 165.645
127.861 166.41
119.337 164.87
124.16 158.793
135.97 156.661
140.83 156.226
141.236 159.086
136.332 160.767
124.842 161.633
