89.2373 97.897
94.4134 95.9354
100.09 96.1459
105.818 97.3341
111.746 98.7783
136.538 96.1736
141.264 93.8523
145.913 91.8438
150.9 90.1404
155.481 91.3671
126.372 111.209
127.538 120.088
128.885 128.853
130.046 137.183
121.417 142.931
125.249 143.179
129.495 142.98
133.199 142.162
135.646 140.993
94.9603 114.929
99.8963 113.342
105.456 112.838
110.598 113.688
105.773 116.271
100.134 116.803
137.874 110.658
142.869 108.506
148.249 108.49
152.518 110.186
148.277 111.948
143.034 112.319
110.473 155.741
116.738 154.196
122.746 153.576
129.075 153.408
134.361 152.6
139.17 152.167
143.671 152.18
140.374 157.554
136.279 161.851
129.805 164.324
122.257 163.2
115.977 160.56
121.224 156.6
129.155 156.98
135.725 155.076
136.082 156.963
129.145 159.088
120.896 158.437
