85.3006 98.6535
91.1603 93.5174
98.5488 90.9382
106.221 90.4402
114.142 90.3668
137.693 94.9974
140.507 94.93
143.527 95.5498
146.266 96.655
148.307 99.0096
126.202 107.793
130.125 114.606
134.184 121.15
138.099 127.824
122.444 141.988
127.317 141.926
131.684 141.647
134.863 141.62
137.737 140.855
93.3902 113.543
98.5448 111.23
104.059 111.158
109.003 114.014
104.304 115.371
98.6046 115.42
132.395 114.357
137.146 112.718
141.629 112.328
145.194 115.067
141.46 116.459
137.109 116.131
108.014 160.507
115.58 156.868
123.32 153.938
131.555 153.882
136.404 153.297
140.247 155.871
142.413 159.081
141.298 164.702
136.64 168.124
130.696 168.893
122.335 168.234
114.515 165.202
120.751 158.843
131.324 158.411
136.845 158.385
136.616 161.197
131.15 161.93
120.828 161.725
