84.4222 92.7425
91.3399 91.7015
98.4625 93.3415
105.237 95.5072
111.747 97.922
132.389 97.968
138.818 95.5708
145.52 92.9785
152.715 91.3977
159.176 92.4861
122.859 106.699
123.26 116.732
123.751 126.054
124.581 135.959
113.729 136.171
118.498 139.833
123.929 141.701
129.049 139.981
133.525 136.193
94.3774 104.007
99.2348 103.058
103.964 103.543
108.228 105.664
103.87 107.114
99.0787 106.823
136.163 105.725
140.276 103.963
145.031 103.504
149.65 103.999
145.495 106.724
140.674 106.932
107.169 139.562
113.203 139.567
118.941 140.038
124.275 140.897
129.011 139.519
133.924 138.813
139.029 138.644
134.836 142.885
129.694 146.231
123.715 147.416
117.633 146.561
112.12 143.636
116.388 141.737
124.113 142.725
130.902 141.035
131.122 142.034
123.749 143.717
115.92 142.46
