81.9102 107.959
85.9503 103.239
91.4002 99.6804
97.8617 98.2911
104.5 98.5829
126.396 95.3672
129.509 92.6497
133.222 90.8594
137.212 90.6891
140.745 92.1875
119.942 107.917
123.922 113.611
128.176 119.049
132.344 124.445
120.733 137.739
125.922 137.034
131.129 135.874
133.714 134.457
135.688 132.809
93.0487 121.237
97.7001 118.806
102.211 117.465
107.252 117.69
103.088 120.217
98.0448 121.533
127.385 113.117
131.397 110.517
135.895 109.527
139.77 111.22
136.441 113.126
131.98 113.647
113.387 157.446
118.776 151.91
125.087 146.965
133.061 144.869
137.244 143.254
141.182 145.32
142.328 149.101
141.199 152.876
138.417 155.6
134.541 157.407
127.412 159.371
120.144 159.186
122.725 152.235
133.256 147.968
138.146 147.744
138.493 151.522
133.799 152.906
123.634 155.701
