81.9572 108.778
85.9931 103.988
91.5612 100.418
97.9999 98.9141
104.678 98.954
126.756 95.3939
130.257 93.0191
134.02 91.4961
137.88 91.4432
141.284 92.8997
120.231 108.782
124.262 114.493
128.572 119.895
132.667 125.262
121.098 138.972
126.409 138.191
131.607 136.977
134.281 135.628
136.403 134.002
92.6315 122.273
97.2891 119.697
102.086 118.172
107.302 118.574
102.88 121.17
97.6748 122.618
127.881 114.036
131.853 111.362
136.428 110.233
140.484 111.893
136.95 113.784
132.451 114.327
113.594 158.78
119.171 153.328
125.473 148.252
133.488 146.205
137.641 144.656
141.496 146.725
142.802 150.304
141.785 154.245
139.009 156.957
135.057 158.689
127.863 160.482
120.538 160.365
123.066 153.4
133.728 149.29
138.406 149.056
138.892 152.941
134.327 154.459
124.093 157.032
