90.1774 100.305
98.7101 97.0927
106.92 95.6252
115.363 96.4824
123.311 99.7543
134.648 101.759
142.508 100.386
150.462 101.297
157.924 104.143
163.617 109.23
128.772 110.108
128.064 116.685
127.453 123.255
126.984 129.915
117.796 133.519
121.586 135.712
126.372 137.402
130.731 136.679
134.421 135.147
101.606 110.498
105.831 111.115
110.516 111.219
115.166 110.266
110.584 111.405
105.741 111.199
137.684 113.626
142.67 115.626
147.175 116.281
151.403 116.268
146.797 116.024
142.059 115.201
107.242 143.558
113.678 143.646
119.658 143.781
125.719 144.557
130.904 144.731
135.946 145.864
140.549 147.338
136.119 152.291
130.77 156.571
123.967 157.969
116.505 155.526
111.029 150.224
117.803 146.352
125.482 147.255
131.191 148.082
131.667 153.036
124.594 154.365
116.133 151.231
