88.3545 97.3613
96.3999 95.2596
103.963 94.2448
111.427 95.1567
118.301 98.1813
130.248 101.137
137.418 99.4009
144.662 99.9377
151.567 102.243
157.088 106.293
124.614 108.012
124.051 114.7
123.453 121.481
123.125 128.334
114.595 132.412
118.03 134.76
122.373 136.297
126.954 135.658
130.425 133.58
97.8387 108.964
102.504 110.002
106.655 110.106
111.076 108.663
106.705 109.216
102.23 109.227
133.439 111.802
138.213 113.934
142.306 114.435
146.135 114.285
142.095 113.598
137.752 112.891
104.75 143.211
110.74 142.985
116.667 142.817
122.516 143.336
127.743 143.649
132.759 144.4
137.139 145.754
132.541 150.098
126.969 153.418
120.511 154.092
113.897 152.415
108.637 148.421
114.371 145.172
122.063 145.64
128.391 146.411
128.561 150.543
121.185 151.299
113.115 149.04
