91.0987 99.9755
98.8009 97.456
106.222 96.2093
114.035 96.8076
121.234 99.9281
132.584 102.64
139.805 101.31
147.204 102.137
154.237 104.465
159.77 108.664
126.936 109.723
126.522 116.427
126.173 123.074
126.054 129.616
117.142 133.046
120.807 135.113
125.294 136.632
129.378 135.949
132.762 134.34
100.847 110.047
105.183 110.83
109.67 111.008
114.076 110.115
109.595 110.756
104.956 110.452
135.629 113.67
140.469 115.446
144.9 115.933
148.621 115.74
144.477 115.454
140.019 114.821
106.955 142.723
112.862 142.353
118.924 142.361
124.834 143.111
129.85 143.41
134.615 144.324
138.533 145.528
134.42 150.124
129.433 153.832
122.941 154.922
116.12 152.827
110.975 148.185
117.107 144.408
124.442 145.164
130.089 145.95
130.397 151.138
123.542 152.284
115.66 149.544
