69.118 59.6078
74.4794 56.4691
81.2241 55.7833
87.9417 56.2401
94.3599 58.6346
106.193 60.0076
111.827 58.537
117.655 58.5528
122.955 59.8261
127.271 63.057
100.389 67.2035
100.328 73.4101
100.236 79.7246
100.409 86.0397
91.8806 90.8451
95.8455 92.4984
100.041 93.3878
103.935 92.9996
107.675 91.9506
76.649 69.6096
80.9993 69.9847
84.943 70.1658
88.0368 69.944
84.6971 70.7719
80.6864 70.6291
109.833 70.8543
113.673 71.8683
117.477 72.218
121.34 73.0546
117.279 73.421
113.307 72.7449
85.3881 108.258
88.4569 103.244
93.7728 101.021
99.8035 101.34
105.124 101.666
109.831 104.263
112.713 109.109
110.175 114.638
105.471 118.693
99.4715 119.769
92.8046 118.227
88.1469 113.843
92.2828 103.787
99.3556 103.967
106.37 104.494
107.038 114.764
99.5524 116.448
91.7449 113.746
