93.0947 100.637
99.4674 98.697
106.063 97.9773
112.605 98.4789
118.928 100.638
130.739 101.686
137.062 100.582
143.3 100.732
149.384 101.686
154.371 104.85
125.231 109.636
125.355 115.787
125.535 121.768
125.826 127.704
116.845 132.829
120.943 134.727
125.594 135.695
129.933 135.078
133.501 133.665
100.206 112.657
104.089 113.398
108.405 113.026
112.899 111.221
108.87 112.457
104.486 112.905
135.379 112.85
139.73 114.866
143.764 115.687
147.842 115.423
143.63 115.159
139.554 114.301
108.041 145.179
113.918 143.244
119.707 142.29
125.468 142.999
130.086 142.731
134.778 143.838
139.272 145.63
135.706 150.266
130.635 153.125
124.959 153.798
118.465 152.401
112.714 149.37
117.595 145.061
125.303 144.583
131.187 145.227
131.926 149.993
125.413 150.69
117.247 148.977
