85.2105 99.4368
91.6831 95.911
99.0785 94.1962
106.869 94.857
114.373 96.6597
138.086 99.4654
144.59 98.5013
151.206 98.1698
157.391 99.702
161.981 103.591
126.393 108.794
126.542 114.29
127.187 119.774
127.833 125.339
116.779 136.614
121.665 137.327
126.871 137.676
131.119 137.357
134.933 136.789
94.4398 113.437
99.1819 110.368
105.161 110.206
110.188 112.57
105.023 113.863
99.478 114.017
139.062 113.765
143.443 112.009
149.213 112.424
154.447 116.01
148.8 116.1
143.519 115.529
106.029 159.421
111.095 152.574
118.608 147.747
127.149 147.543
134.741 147.558
141.199 152.607
143.638 159.941
140.09 165.112
133.635 167.588
126.489 167.833
118.034 167.185
111.005 164.249
116.095 152.349
126.682 151.079
135.541 152.695
135.282 164.307
126.585 164.602
116.711 163.709
