78.0529 104.945
82.4668 99.2999
89.0927 96.2116
96.6334 96.4662
104.03 98.7166
132.788 94.8018
137.366 90.9125
142.674 87.2958
148.392 87.1284
152.976 91.0636
121.531 110.477
123.661 116.142
126.123 121.669
128.717 127.031
119.225 139.713
124.006 140.136
129.1 139.657
133.534 138.327
136.942 136.303
92.4844 120.256
96.7982 117.035
101.813 116.065
106.586 117.145
102.519 119.231
97.3446 120.225
134.089 111.839
138.502 109.872
143.824 109.097
148.577 110.335
144.128 112.28
138.971 112.75
113.166 165.534
116.815 157.97
122.5 151.184
130.642 149.548
137.73 147.521
144.584 151.278
148.323 157.32
146.074 162.892
140.885 166.818
134.522 168.872
126.775 170.183
119.427 169.038
121.012 156.455
131.069 152.745
139.677 152.786
141.605 162.578
133.889 164.989
123.977 166.411
