86.5087 95.2344
95.4561 92.2663
104.964 92.5015
113.955 94.8705
122.153 99.4139
144.336 105.161
149.539 104.522
154.764 105.058
159.916 105.957
164.845 108.137
133.806 111.654
135.203 118.81
136.852 125.828
138.384 132.832
119.249 140.89
125.933 143.169
132.888 144.697
138.345 145.001
142.954 144.556
97.7057 112.103
103.524 111.853
108.867 112.5
114.437 114.491
108.635 113.583
103.149 112.642
143.16 121.075
148.145 120.882
152.873 122.045
157.286 124.921
152.864 123.689
148.115 122.068
97.1841 154.337
108.468 151.402
119.525 150.766
130.594 152.583
137.896 153.919
143.909 157.864
146.951 164.191
142.363 169.796
135.183 172.904
126.924 172.583
114.832 169.804
104.876 163.141
113.522 154.096
129.595 156.221
139.33 158.682
138.144 167.347
127.585 166.395
111.895 162.758
