101.752 100.749
104.015 98.9925
106.479 97.8095
109.596 98.1552
112.959 99.6785
126.718 97.0092
134.753 94.8393
143.364 94.4917
151.208 97.8074
157.454 103.301
117.328 108.528
112.804 116.175
108.469 123.694
104.651 131.711
104.444 140.35
107.901 142.918
112.402 143.56
118.713 142.542
124.144 140.105
105.788 110.877
108.047 109.955
111.537 110.086
114.744 109.915
111.374 111.306
108.061 111.163
134.887 112.19
138.975 111.696
143.474 112.548
148.642 113.153
142.948 113.356
138.697 112.941
109.223 161.655
108.379 157.583
110.022 154.77
114.146 154.235
124.501 153.782
135.221 155.977
145.462 160.712
137.388 168.449
127.739 173.242
116.637 175.234
111.266 172.929
109.43 167.56
111.283 158.134
115.32 157.607
129.338 157.772
130.608 167.23
116.409 169.844
111.926 167.571
