77.0393 102.97
84.4007 99.0457
92.3662 97.8504
100.753 98.0499
109.114 100.104
133.146 99.5258
139.822 96.4669
146.764 94.3745
153.66 93.9189
159.865 97.5392
123.897 109.315
125.674 117.661
127.582 126.123
129.541 135.011
114.927 141.119
121.314 143.042
128.118 143.357
133.303 141.622
137.705 138.354
88.7415 114.976
94.0384 112.41
100.31 111.968
106.101 113.484
100.908 116.113
94.3891 116.605
135.219 111.745
140.464 108.188
146.894 107.386
152.398 109.737
147.402 112.36
141.004 112.549
101.537 160.89
108.958 155.184
118.028 152.378
127.657 151.563
134.657 150.018
141.965 150.868
147.07 155.053
144.72 165.726
139.527 176.331
129.095 180.845
116.716 178.991
107.62 171.127
114.854 155.647
127.531 154.547
137.027 152.619
140.035 168.645
128.786 174.447
114.102 171.73
