77.4978 102.415
83.0287 99.9943
89.9585 100.649
96.6349 102.438
102.301 105.5
124.324 101.494
132.932 97.2806
142.225 94.2821
151.474 94.6946
159.984 97.2313
112.93 113.085
112.82 122.628
112.745 132.197
112.899 142.048
109.438 147.008
113.358 148.375
118.516 148.571
124.472 146.672
129.601 143.484
89.544 117.993
94.0011 117.605
98.4957 116.739
102.6 114.659
98.8694 117.005
94.0561 118.084
132.137 111.856
137.93 112.868
143.611 112.593
148.706 110.542
143.448 112.646
137.436 113.057
110.035 162.385
113.357 160.679
117.416 160.206
122.117 160.348
130.107 158.357
138.74 157.271
147.685 156.603
142.06 162.821
135.085 168.462
126.392 171.33
119.309 170.345
114.048 166.767
118.441 163.315
123.687 163.445
134.12 161.018
135.139 162.554
124.885 165.214
118.851 164.567
