75.5868 106.11
81.555 99.8571
90.2036 97.0084
99.3882 96.1382
108.206 97.3449
132.879 94.6828
140.836 92.2963
149.227 90.5384
157.696 92.2554
163.737 98.4213
121.689 107.93
122.189 114.272
122.833 120.486
123.397 126.903
117.187 140.868
120.731 141.173
125.122 140.905
129.843 139.881
133.724 138.528
89.9589 118.03
94.8078 113.473
101.122 112.701
106.756 114.962
101.454 117.405
95.6014 118.249
137.807 112.298
143.017 108.572
149.509 108.018
155.266 111.189
149.782 113.321
143.705 113.305
109.921 167.363
113.045 160.726
118.728 154.726
126.629 153.04
134.641 152.294
142.395 156.275
148.292 161.468
143.81 166.231
137.27 169.228
129.731 170.377
122.242 171.181
115.106 170.493
118.159 159.616
127.3 157.042
136.991 157.373
137.738 164.049
128.733 165.46
119.888 166.534
