76.2336 106.321
82.0295 99.6802
90.6275 96.3368
99.8761 95.4315
108.743 96.8275
131.953 93.2424
140.103 90.554
148.718 88.9496
157.3 90.9569
163.548 97.4706
120.74 106.923
120.963 112.671
121.332 118.443
121.598 124.265
116.409 139.01
119.654 139.324
124.024 139.062
128.796 138.015
132.834 136.663
90.8984 117.288
95.5763 112.55
101.677 111.674
107.507 113.585
102.365 116.19
96.586 117.02
137.644 110.731
142.812 107.295
149.278 106.932
155.135 110.222
149.433 111.782
143.396 111.688
110.671 165.578
112.84 158.642
117.749 152.516
125.238 150.807
133.429 149.967
141.116 154.399
146.864 159.791
142.37 164.505
136.095 167.763
128.693 169.168
121.672 169.737
115.202 168.829
118.19 157.87
126.2 155.143
135.441 155.749
136.091 162.418
127.511 163.729
119.741 164.884
