76.3465 106.693
82.0556 100.19
90.4084 97.1377
99.5099 96.2292
108.184 97.6594
131.986 94.0883
140.201 91.2498
148.837 89.4594
157.476 91.4898
163.412 98.1003
120.481 107.46
120.682 113.351
121.046 119.163
121.332 125.114
115.992 139.636
119.44 139.858
123.89 139.506
128.537 138.442
132.298 137.198
90.4871 118.051
95.1518 113.239
101.382 112.542
107.184 114.76
101.887 117.361
96.0331 118.226
137.178 111.665
142.002 107.727
148.581 107.134
154.529 110.389
149.091 112.645
142.888 112.693
109.876 166.441
112.474 159.406
117.651 153.245
125.253 151.665
133.291 150.676
140.967 154.916
146.65 160.194
142.219 164.975
135.841 168.353
128.286 169.787
121.046 170.575
114.301 169.759
117.508 158.544
125.915 155.844
135.308 156.164
136.002 163.226
127.129 164.676
118.858 165.98
