79.8925 106.656
84.8282 100.297
92.3817 97.7903
100.06 97.1508
107.451 98.2872
131.976 93.6354
140.261 90.2703
149.085 88.0378
157.896 90.1406
165.449 95.7523
118.036 107.537
117.645 114.015
117.329 120.462
117.24 127.042
114.465 140.457
117.461 140.521
121.351 140.184
126.381 138.933
130.877 137.652
92.5261 118.599
97.299 115.497
103.274 114.222
108.293 113.749
103.11 116.734
97.6586 118.147
136.722 110.032
142.482 108.493
148.734 108.109
154.459 109.124
148.414 110.887
142.341 110.916
111.725 164.081
113.696 158.314
117.493 153.547
123.421 152.016
131.524 150.835
139.478 153.686
146.305 158.13
141.075 163.393
134.542 167.546
126.959 169.238
121.095 169.375
115.71 167.707
118.859 158.606
124.508 156.419
133.426 156.277
133.935 160.806
125.536 162.207
120.059 162.87
