81.4897 107.154
86.3413 101.159
93.5507 98.7939
101.035 98.1255
108.278 99.0132
132.155 94.3798
140.815 91.0831
149.965 89.0224
158.997 91.4707
166.848 96.9976
118.588 108.151
117.904 114.726
117.261 121.348
117.036 128.031
114.116 141.49
117.251 141.927
121.472 141.725
126.698 140.542
131.495 139.263
93.187 119.34
98.0258 116.552
104.308 115.283
109.852 114.699
104.386 117.608
98.659 119.016
137.158 111.181
143.314 109.878
149.802 109.663
156.014 110.099
149.536 111.991
143.196 112.146
112.524 165.639
114.292 160.149
117.595 155.112
123.373 153.667
131.71 152.469
139.859 155.587
147.258 160.037
141.509 164.758
134.922 168.457
127.222 170.021
121.664 170.355
116.481 169.036
119.249 160.322
124.501 158.097
134.046 157.872
134.61 162.182
125.681 163.301
120.491 164.198
