74.3718 99.3631
80.2464 93.4222
88.1027 90.7952
96.3809 92.3269
104.49 95.3133
133.994 94.8851
140.168 91.0671
147.418 87.9931
154.745 89.0648
159.68 94.6867
121.987 109.278
123.406 115.43
125.098 121.571
126.67 127.839
115.479 140.817
120.376 142.586
126.119 142.917
130.914 141.772
134.773 139.619
88.9045 116.797
93.9999 113.432
100.058 112.954
105.511 114.885
100.578 117.202
94.4334 117.578
134.946 112.934
140.086 110.686
146.516 110.433
151.832 113.386
146.285 114.868
140.314 114.397
106.617 167.906
111.075 160.027
117.938 153.93
126.35 153.021
133.865 152.532
140.525 157.333
144.638 163.853
141.197 169.655
134.724 173.691
127.05 174.751
118.81 174.917
111.702 172.517
115.925 160.059
126.63 157.049
135.627 158.551
135.547 166.639
126.612 167.971
116.478 168.389
