78.4126 101.343
82.0981 95.414
88.4298 92.2311
95.383 92.4066
102.032 93.9338
133.516 89.197
139.335 84.7152
146.271 81.3883
153.378 82.7979
158.153 89.2046
120.181 107.921
121.557 113.71
122.872 119.528
124.241 125.253
118.998 139.58
122.527 139.949
126.489 139.89
131.131 138.938
134.754 137.204
92.9919 119.574
97.0849 115.193
102.495 114.374
107.581 116.222
103.466 119.009
98.3783 120.04
136.369 110.774
140.57 107.599
146.031 106.901
151.001 109.064
146.547 111.701
141.465 112.25
114.331 166.256
116.051 158.459
120.673 151.291
128.238 149.741
136.118 148.275
143.399 152.603
147.837 159.217
146.076 166.375
140.693 172.006
133.094 174.517
125.546 175.096
118.759 172.412
120.709 158.098
129.109 154.037
138.343 154.663
140.466 165.491
132.168 168.074
123.818 168.869
