68.8883 97.7205
74.8524 90.804
82.729 86.7368
91.7978 86.6807
100.55 88.9969
134.189 88.1357
139.338 84.1723
145.336 80.937
151.754 81.4353
156.198 86.6582
121.369 107.462
124.173 114.67
127.376 121.607
130.472 128.266
116.657 144.414
122.448 144.904
128.656 144.604
133.716 143.367
137.502 141.11
84.7694 118.471
90.1868 114.609
96.4888 113.499
102.717 115.753
97.4719 118.816
90.9095 119.838
133.371 112.166
138.792 109.486
145.295 108.585
150.54 111.372
145.96 114.456
139.39 114.492
107.587 172.548
113.668 164.752
121.118 157.902
130.893 156.322
138.277 154.855
145.407 159.189
149.524 165.465
146.546 171.355
140.718 175.221
133.96 176.651
124.73 177.686
115.503 176.517
118.427 164.214
131.695 160.191
140.825 160.963
141.915 167.842
133.724 170.107
120.481 171.297
