72.6088 98.4687
78.9802 91.0772
87.674 87.3461
97.3812 88.3541
106.512 91.4431
136.128 90.3892
141.726 86.2004
148.352 84.1664
154.977 85.797
158.906 91.6524
123.784 109.313
126.291 116.65
129.035 123.931
131.702 131.242
118.039 144.373
123.636 146.06
130.073 146.177
134.977 144.843
138.822 142.234
88.2041 118.673
93.7858 114.742
99.7293 114.249
105.881 116.658
100.758 119.247
94.5547 119.786
135.118 115.3
140.566 111.547
147.078 110.968
152.135 114.311
146.975 116.795
140.842 116.69
106.097 167.889
113.389 162.111
121.486 156.823
130.979 156.055
137.701 155.226
144.257 158.729
148.824 164.274
144.497 168.461
138.139 170.813
131.778 171.582
122.98 171.676
114.521 170.298
118.629 162.751
131.381 160.089
139.635 160.919
139.588 163.863
131.567 164.707
119.122 165.469
