74.159 98.6598
79.2699 91.9853
86.9412 89.2168
95.4461 90.4642
103.493 93.4668
133.09 88.6487
138.924 83.8123
145.687 80.1661
153.209 80.1714
158.826 85.2211
120.729 109.837
122.412 117.442
124.254 125.222
126.152 132.387
117.697 143.471
122.16 143.76
126.938 143.252
131.995 141.755
136.091 139.415
90.0193 119.618
95.0426 117.17
100.923 116.184
106.674 116.478
101.933 119.536
95.7079 120.512
134.718 111.311
139.82 109.327
146.395 108.608
151.872 108.873
146.689 111.708
140.562 112.497
108.901 165.596
114.966 161.001
121.403 156.113
128.902 154.677
135.483 152.856
142.496 154.496
147.965 157.44
143.903 162.334
138.432 166.262
131.841 168.538
123.683 169.389
116.065 168.255
120.036 161.079
129.514 158.036
138.172 157.468
138.336 159.768
130.242 161.983
120.704 163.532
