76.2895 108.455
80.9622 103.054
88.0089 100.054
95.9473 99.535
103.838 100.424
130.614 95.1296
137.495 92.0963
144.442 89.8596
151.592 90.5063
157.261 94.8584
120.218 107.457
121.888 115.021
123.658 122.402
125.439 129.877
116.754 139.998
121.797 140.058
126.864 139.54
131.867 137.87
136.224 135.639
88.6731 119.658
93.6474 115.418
99.8624 114.042
105.882 115.266
101.043 118.149
94.7418 119.668
134.801 110.007
139.557 106.496
146.115 105.487
152.511 107.654
147.22 109.781
140.988 110.627
106.757 160.959
112.858 156.379
119.917 152.527
128.005 151.238
135.311 149.152
142.974 149.832
149.622 152.167
146.72 159.93
141.561 167.015
133.136 170.662
122.771 171.211
113.66 167.366
118.919 156.905
128.745 154.806
137.542 152.859
140.415 160.818
131.823 164.677
120.639 164.67
