74.9738 110.362
79.0745 103.47
86.096 99.3533
94.3266 98.0148
102.491 98.4715
128.721 92.6889
136.644 89.3998
145.057 87.347
153.491 88.683
159.608 94.517
117.413 107.566
118.301 113.517
119.301 119.408
120.183 125.403
115.071 141.026
119.237 140.253
123.891 139.183
128.695 138.136
133.143 136.743
88.4681 122.88
92.945 118.067
99.0666 116.422
105.357 117.559
100.46 120.255
94.7309 122.086
134.95 112.247
139.901 108.174
146.409 107.319
152.636 110.081
146.974 111.973
140.893 112.567
109.301 165.871
113.314 159.1
119.231 153.708
126.855 151.924
134.581 150.156
142.615 152.609
149.653 156
143.831 159.31
137.01 161.696
129.582 163.561
122.483 165.235
115.806 166.401
119.306 158.448
127.529 155.679
137.209 154.636
137.92 157.07
128.968 159.211
120.487 161.057
