80.3256 108.592
85.6358 102.548
93.3666 99.4429
101.286 98.7744
108.745 100.36
130.723 95.4679
139.401 91.097
148.86 88.844
158.387 90.4935
165.837 96.6044
118.874 108.689
118.374 114.573
118.06 120.504
117.884 126.469
116.338 142.159
119.28 141.896
122.802 141.329
127.727 139.994
132.272 138.589
93.9667 123.709
98.62 121.348
103.729 119.842
108.68 117.957
104.114 120.782
99.1273 122.418
138.356 113.392
144.048 112.531
149.77 112.16
155.502 112.09
149.539 113.404
143.913 113.767
112.372 165.927
114.643 159.784
118.804 154.522
125.283 153.118
133.886 151.276
142.445 154.148
150.159 157.71
143.793 161.098
136.3 163.66
128.61 165.324
123.158 166.464
117.464 166.993
120.092 159.892
126.483 157.402
136.323 156.566
136.456 157.53
127.194 159.131
121.059 161.099
