78.2276 107.446
83.2422 100.788
90.753 97.4258
98.7455 96.3497
106.491 97.1702
132.46 91.8976
141.624 87.7991
151.291 85.4364
161.04 87.6184
168.59 94.0553
118.954 106.382
118.617 112.705
118.275 119.058
118.183 125.587
116.366 142.729
119.553 142.156
123.186 141.417
128.329 140.118
133.155 138.838
92.6633 122.577
97.651 119.609
103.15 118.083
108.269 116.32
103.395 119.278
98.1489 121.078
139.473 111.564
145.618 109.985
151.815 109.645
157.778 110.127
151.522 111.424
145.565 111.745
112.502 166.988
115.072 160.823
119.504 155.714
126.042 154.065
135.015 152.397
144.066 154.958
152.403 158.368
145.689 162.212
137.667 164.966
129.609 166.6
123.791 167.877
117.559 168.428
120.882 161.424
127.184 158.919
137.461 157.86
137.598 159.213
127.969 160.866
121.637 162.998
