68.9089 106.335
77.1863 99.1799
87.4399 95.5277
98.4467 94.8593
109.667 96.0521
131.698 93.4461
137.83 89.8041
144.432 87.1132
151.409 86.292
156.959 89.324
123.136 104.774
126.667 113.166
130.657 121.301
134.607 129.516
120.869 144.436
127.091 143.94
133.075 143.079
137.651 141.588
141.669 139.725
85.9552 117.197
92.6115 114.733
98.7026 113.351
104.855 113.442
99.1795 115.342
92.8921 116.538
134.49 109.241
140.352 107.478
146.732 106.653
151.787 107.944
146.751 109.153
140.373 109.452
110.247 171.57
117.018 164.527
125.211 158.575
134.587 156.224
141.555 154.595
148.339 157.922
152.984 163.228
149.223 167.428
143.636 170.43
137.977 172.238
128.572 174.001
119.075 173.984
122.453 164.055
135.348 160.4
144.007 160.022
144.484 163.508
136.621 165.375
123.731 168.068
