97.0739 102.479
102.079 99.3737
108.232 98.5518
114.164 100.44
119.913 102.969
136.846 106.982
140.111 106.537
143.612 106.367
147.16 107.121
149.773 109.626
127.942 111.751
128.028 115.89
128.218 120.087
128.348 124.488
118.232 131.744
121.465 132.59
125.237 133.307
127.786 133.439
130.18 133.44
103.871 110.693
107.83 110.456
111.651 110.863
114.763 111.817
111.326 112.142
107.76 111.655
135.342 115.308
138.16 116.055
141.387 116.851
144.041 118.349
141.072 118.4
138.087 117.306
107.726 143.266
112.886 141.365
118.605 140.772
124.163 141.51
127.856 141.787
130.71 144.392
132.029 148.226
129.103 148.965
125.632 148.8
122.298 148.289
117.237 147.301
112.191 145.663
116.608 143.736
123.506 144.672
127.647 145.417
127.281 146.152
122.881 145.389
116.236 144.335
