96.5983 99.624
102.39 96.9841
108.926 96.5854
115.279 98.5086
121.288 101.054
134.971 104.873
138.83 104.283
142.833 104.095
146.885 104.883
149.778 107.915
127.675 109.107
127.824 113.488
128.065 117.979
128.241 122.543
118.1 128.831
121.448 129.909
125.123 130.722
128.144 131.087
131.123 130.911
103.443 108.234
107.445 107.665
111.294 108.186
114.688 109.255
111.047 109.322
107.462 108.96
134.993 112.698
137.993 113.321
141.397 114.159
144.025 115.995
141.073 115.743
137.875 114.705
108.152 142.444
112.553 139.536
118.133 138.129
123.842 138.792
128.009 139.534
131.06 142.498
132.43 146.644
129.959 148.818
126.073 149.302
121.993 148.716
116.847 147.507
111.96 145.665
116.539 141.273
123.142 141.699
127.894 142.989
127.242 146.411
122.662 145.788
116.479 144.361
