95.5007 101.132
101.219 97.6749
108.036 96.8152
114.794 98.8324
121.113 101.632
133.726 105.311
137.845 104.486
142.014 104.075
146.225 104.641
149.274 107.717
127.013 109.077
127.089 113.588
127.284 118.003
127.508 122.599
117.259 129.106
120.809 129.956
124.438 130.713
127.293 131.047
129.839 131.036
102.61 108.589
106.535 107.996
110.486 108.589
113.942 109.547
110.297 109.855
106.582 109.647
134.009 112.605
137.014 113.038
140.517 113.937
143.068 115.704
140.172 115.424
136.93 114.431
107.503 141.863
112.007 139.227
117.415 138.006
122.987 138.686
127.112 139.249
130.067 142.201
131.129 146.33
128.82 148.398
125.225 149.07
121.495 148.671
116.161 147.527
111.386 145.119
116.204 141.097
122.336 141.744
126.662 142.827
126.034 146.103
121.999 145.488
116.025 144.11
