82.588 103.781
87.3605 98.553
94.2502 98.2067
101.581 99.0318
108.68 100.305
135.568 96.656
141.74 93.4292
148.595 90.4127
155.783 90.1274
160.842 94.0949
123.605 111.187
124.699 116.516
125.635 121.764
126.916 126.985
119.643 137.454
123.587 137.393
127.914 136.846
131.544 135.97
134.767 135.069
95.4888 119.325
100.215 117.971
105.123 116.652
109.793 115.237
105.615 117.393
100.513 118.673
137.796 111.796
142.962 111.832
147.816 111.376
152.527 111.106
147.798 112.423
142.57 112.637
112.645 155.036
118.163 151.046
123.555 148.09
129.972 147.946
136.115 146.203
142.567 147.399
148.856 149.502
143.305 153.121
137.588 155.858
130.972 157.563
124.173 158.029
117.84 156.867
122.706 152.012
130.584 151.272
138.167 150.074
138.139 150.417
130.079 152.275
122.31 152.995
