85.4995 103.351
89.8042 98.5587
96.2396 97.8554
102.887 98.0462
109.5 98.9822
134.821 95.2766
140.585 92.3182
146.811 89.878
153.661 89.3072
158.368 93.4199
123.281 109.755
124.132 114.95
125.014 119.984
126.071 124.973
120.035 135.09
123.505 135.231
127.43 134.858
131.061 133.808
134.301 132.196
97.0232 117.858
101.575 115.81
106.271 114.445
110.706 113.568
106.577 115.472
101.81 116.934
137.323 110.238
142.401 109.677
146.863 109.212
151.422 109.122
146.927 110.492
142.006 110.755
114.233 152.091
118.719 147.898
123.509 144.908
129.397 144.516
134.888 142.796
140.617 144.083
146.174 146.814
141.557 150.312
136.735 152.398
131 153.438
125 153.89
119.171 153.348
122.11 148.847
130.02 147.749
137.068 146.839
136.951 147.191
129.762 148.772
121.95 149.282
