84.8984 104.901
89.3577 99.5394
96.2084 98.5988
103.397 98.8434
110.512 99.994
134.246 96.7945
140.01 93.9502
146.133 91.5661
152.692 91.2589
157.277 95.1151
123.229 110.994
124.264 116.294
125.301 121.461
126.462 126.682
118.907 136.084
122.751 136.363
127.025 136.029
130.717 134.88
133.834 133.284
96.525 118.542
101.11 117.225
105.783 115.9
109.992 114.561
106.004 116.37
101.351 117.543
136.621 111.293
141.471 111.255
145.851 110.913
150.105 110.639
145.787 111.647
141.075 111.795
112.422 152.46
117.627 148.666
123.001 146.164
129.219 145.804
134.768 144.17
140.629 145.033
146.3 147.196
141.438 150.753
136.446 153.422
130.383 154.634
123.967 154.99
117.879 154
121.617 149.52
129.583 148.584
136.904 147.729
136.894 147.952
129.257 149.722
121.432 150.242
