83.5934 105.31
88.077 99.4666
95.2916 98.2671
102.846 98.4217
110.33 99.5184
135.369 96.9252
141.525 94.4143
147.979 92.1922
154.819 92.2246
159.468 96.1507
123.865 111.573
124.762 116.996
125.697 122.229
126.721 127.619
118.856 137.688
123.068 137.9
127.517 137.455
131.518 136.426
134.923 134.79
95.8594 118.788
100.654 117.473
105.507 116.316
109.885 115.375
105.648 117.016
100.766 118.092
137.507 112.537
142.49 112.473
147.229 112.045
151.769 111.939
147.058 112.911
142.131 113.052
111.45 154.934
117.183 150.779
122.907 147.842
129.756 147.439
135.685 145.891
141.698 147.062
147.192 149.746
141.86 152.487
136.578 154.586
130.469 155.756
123.854 156.302
117.54 155.899
121.466 151.59
130.058 150.5
137.283 149.785
137.105 149.64
129.657 151.238
121.321 151.968
