84.6645 108.402
89.4687 102.316
96.4993 100.39
104.092 100.16
111.677 101.108
134.921 97.8596
141.263 95.2155
147.962 93.2251
154.8 93.7839
159.857 97.8222
124.237 110.633
125.019 116.223
125.843 121.573
126.644 127.266
119.336 137.718
123.236 137.824
127.73 137.451
132.375 136.429
136.19 135.011
94.4309 117.18
99.2709 113.761
105.319 112.981
110.86 114.923
105.888 116.614
99.9243 117.492
137.858 111.083
142.315 107.861
148.084 107.178
153.464 109.812
148.333 111.395
142.8 111.794
111.383 156.005
117.189 151.965
123.079 148.722
130.089 148.295
136.373 146.639
142.799 147.634
148.645 150.272
143.183 153.544
137.153 156.369
130.378 158.005
123.542 158.549
117.185 157.493
121.923 152.418
130.462 151.113
138.374 150.196
138.03 150.757
129.743 152.87
121.611 153.516
