93.1498 105.758
96.8182 102.862
101.63 102.274
106.403 103.265
110.718 104.909
128.771 100.838
136.279 97.3636
144.119 94.5469
152.037 95.384
159.551 98.5576
118.399 110.15
116.604 117.342
114.464 124.506
112.407 132.183
113.035 139.803
116.074 140.45
120.019 140.388
125.071 139.255
130.304 137.74
99.7221 118.361
104.03 116.944
108.486 115.909
112.506 114.985
108.767 117.083
104.417 118.483
136.149 111.961
140.735 111.668
146.372 110.833
151.797 110.546
146.73 112.433
141.05 112.801
111.739 159.46
114.245 155.394
118.004 152.353
122.838 152.082
130.009 150.653
137.599 152.476
145.353 155.293
138.661 159.212
131.613 161.659
124.14 163.119
118.955 163.315
114.649 162.107
118.132 156.31
123.258 155.272
132.288 154.427
132.036 156.958
122.949 158.932
117.866 159.071
