89.088 94.4841
96.6691 91.4911
104.779 92.9596
112.304 96.6597
119.186 100.819
147.166 101.892
152.139 98.6812
157.353 95.5161
163.105 92.4667
167.963 94.538
132.094 115.104
133.02 125.145
133.999 135.58
135.046 145.95
120.906 144.558
126.108 146.968
131.852 148.142
136.634 147.103
140.717 144.784
99.321 114.192
105.461 115.467
111.552 115.702
116.203 115.702
111.053 117.166
105.002 116.459
142.108 115.939
146.878 117.012
152.253 117.338
157.205 116.134
153.028 117.998
147.384 117.754
101.87 156.138
111.782 155.377
120.893 154.967
130.313 155.669
136.709 154.604
142.485 154.587
148.216 155.302
144.337 162.971
139.421 170.746
130.882 174.001
118.819 171.466
109.444 164.197
116.468 157.398
129.816 158.213
138.628 156.85
139.849 163.561
130.211 167.056
115.547 164.329
