86.4734 90.1171
94.5756 86.6801
103.329 88.1802
111.42 92.9051
118.841 98.4246
144.808 101.649
150.174 98.0965
156.063 95.2695
162.483 92.8156
167.054 96.0577
129.923 112.204
130.463 122.09
131.221 132.401
132.03 142.503
116.972 142.746
122.255 144.817
128.223 146.143
132.706 145.571
136.83 144.145
96.6976 110.345
102.875 110.861
109.365 111.447
114.409 112.495
108.734 113.797
102.504 112.956
138.985 114.812
143.857 115.602
149.273 116.298
154.257 116.598
149.901 117.684
144.225 116.942
96.966 154.513
107.117 153.219
116.35 152.408
125.889 153.556
132.061 153.313
137.554 154.962
142.883 157.652
138.906 164.532
133.811 171.38
125.629 173.561
113.531 170.785
104.152 163.371
112.073 155.724
125.264 157.349
133.32 157.007
134.333 164.113
125.326 165.998
110.992 163.054
