82.4613 87.9846
90.9191 84.6485
100.276 86.9891
108.643 91.6706
116.427 97.3729
143.714 100.333
149.538 96.7539
155.964 93.6963
162.787 91.2078
168.093 94.1864
127.967 111.877
128.596 121.864
129.347 132.279
130.126 142.424
114.348 143.303
119.976 145.668
126.352 147.211
130.927 146.587
134.964 144.82
92.6675 109.452
99.0719 110.453
106.156 111.211
111.771 111.995
105.589 113.574
98.9802 112.561
137.926 114.265
142.845 115.093
148.748 115.698
154.123 115.756
149.473 117.212
143.397 116.567
93.0296 156.174
103.447 154.741
113.183 153.704
123.273 154.963
130.145 154.578
136.316 156.354
141.749 159.42
137.779 166.519
132.179 173.427
123.378 175.46
110.608 172.753
100.545 165.187
108.557 157.018
122.858 158.678
131.625 158.404
132.561 165.975
122.964 167.858
107.491 164.969
