86.8524 86.1402
94.2869 83.7468
102.632 86.3757
110.157 91.0284
117.268 97.0286
143.731 101.204
150.086 98.8396
156.422 96.6151
163.021 94.0383
168.617 95.982
128.113 111.193
128.01 121.396
128.102 132.05
127.816 142.369
113.619 140.976
118.697 143.457
124.216 145.192
129.022 145.002
133.401 144.047
94.7644 106.324
100.573 106.916
107.454 107.808
112.924 109.355
107.122 110.741
100.72 109.745
139.026 114.085
144.244 114.075
150.084 115.297
155.304 116.064
150.533 117.439
144.605 116.639
93.3004 152.314
103.636 151.765
112.751 152.016
121.883 153.818
128.39 153.75
134.336 155.112
139.743 157.15
134.778 163.602
128.942 169.694
120.406 171.218
108.928 167.959
100.549 160.896
108.61 155.132
121.002 157.851
128.925 157.542
129.307 163.095
120.634 164.105
107.314 160.582
