75.3133 103.346
82.3958 99.527
91.3418 99.5184
99.9872 102.603
108.594 104.854
131.91 103.995
141.393 99.94
150.657 95.7382
159.986 94.7038
168.514 97.7061
122.424 110.314
123.632 121.645
125.137 133.051
126.896 144.938
111.512 143.612
118.456 148.084
126.871 149.605
133.902 146.999
139.156 142.19
83.8173 114.993
90.838 114.143
97.7006 114.07
103.729 113.781
97.9937 115.374
91.011 116.005
138.232 110.834
145.011 109.945
152.535 109.59
158.818 109.548
152.371 111.426
145.133 111.828
99.21 154.755
108.411 155.218
117.559 156.867
126.497 157.916
135.437 155.747
144.925 152.46
153.978 149.516
147.774 161.13
139.863 170.74
127.457 174.799
115.616 172.174
106.386 164.605
115.174 158.66
126.84 161.09
138.745 156.999
140.643 163.378
127.647 168.989
114.022 164.945
