77.7408 108.692
83.9644 102.219
92.3005 99.6199
100.909 99.6873
109.822 100.414
133.424 98.3821
141.183 95.4998
148.913 93.1432
156.453 94.2285
163.336 98.0409
123.451 105.262
124.557 113.561
125.401 122.137
126.16 131.097
115.815 139.767
121.034 140.42
126.673 140.454
131.595 139.069
135.938 137.128
88.5583 117.606
94.6447 117.153
101.243 115.291
106.991 111.924
101.375 114.21
95.1532 116.135
137.927 107.985
143.703 109.125
150.236 109.58
155.591 108.804
149.93 109.134
143.736 108.894
99.8238 159.637
108.707 155.741
117.902 153.449
127.4 153.246
135.294 150.965
143.501 151.06
150.433 153.022
145.005 159.332
138.139 165.012
129.319 167.946
118.637 167.682
108.772 164.05
115.22 156.808
127.919 156.11
138.799 153.839
140.067 158.949
128.803 162.638
115.273 162.099
