88.1111 99.3421
91.9477 97.3068
96.7826 98.024
101.341 99.0776
105.803 100.904
130.198 98.8171
138.444 95.3964
147.032 93.7028
155.782 94.7966
163.87 98.6696
118.565 109.884
116.939 118.277
115.64 126.23
114.769 134.566
111.055 140.978
114.494 143.65
119.427 144.338
126.031 142.684
132.247 139.443
92.7273 114.793
97.7697 112.732
103.11 112.15
108.579 112.186
103.552 114.125
97.9786 114.892
136.764 110.678
142.268 110.125
148.578 109.746
154.193 110.07
148.363 111.745
142.28 111.959
107.131 158.105
111.014 154.734
116.537 152.958
122.532 153.366
132.097 151.867
142.678 151.994
152.845 154.606
146.53 164.004
137.2 171.505
125.567 174.829
117.154 172.633
111.236 165.653
115.64 155.933
122.964 155.933
136.249 154.472
139.127 164.736
124.947 169.144
116.11 165.938
