86.0256 100.977
90.9349 97.1297
97.4223 97.4074
103.469 98.9717
109.447 101.082
134.673 99.7944
142.924 97.4642
151.535 96.0751
160.048 97.7666
167.935 101.881
122.332 109.399
121.256 117.852
120.504 126.311
120.079 135.278
111.534 140.392
116.709 142.719
122.792 143.597
129.301 142.3
135.722 140.151
90.1142 114.226
96.5018 112.801
102.732 112.65
108.534 112.636
102.341 113.15
96.0553 113.746
140.417 112.69
145.995 111.997
152.963 112.087
159.452 112.865
152.864 113.02
146.223 113.059
101.583 156.911
107.204 152.591
114.913 151.69
123.012 152.768
133.664 151.544
144.857 151.975
155.017 155.776
147.644 165.723
137.217 173.321
124.879 175.917
114.497 173.488
106.723 166.246
112.469 154.901
123.176 155.568
138.352 154.304
140.84 166.788
124.833 170.126
112.075 166.964
