76.8924 104.235
83.3376 98.2984
92.0838 97.22
101.04 99.169
109.917 102.235
135.963 102.043
144.267 98.7204
152.919 96.3546
161.335 97.6814
169.007 102.285
122.773 110.608
122.503 120.251
122.506 129.889
122.563 140.174
109.059 142.248
115.199 146.094
122.871 147.817
129.946 145.963
135.752 142.217
85.2337 115.19
91.3904 117.418
98.3663 117.052
104.692 113.856
98.3607 115.168
91.8064 115.677
137.995 112.816
143.988 115.402
151.471 116.779
157.822 115.626
151.046 115.163
143.902 114.613
90.9721 154.364
101.487 153.748
112.013 154.922
122.311 156.087
132.15 154.648
142.622 153.504
152.702 154.296
145.458 165.91
135.526 175.149
122.401 178.747
108.969 175.083
98.8265 165.826
107.012 155.872
122.06 158.203
136.876 156.047
139.256 168.649
122.81 174.484
105.352 168.477
