83.969 93.1358
92.3365 90.2946
101.454 92.8243
109.858 97.343
118.059 102.683
142.932 101.501
148.947 96.0709
155.497 90.6394
163.388 84.9569
170.937 86.0833
132.078 111.93
133.357 123.561
134.977 135.681
136.706 148.113
119.194 143.915
126.961 146.719
135.423 148.134
141.336 145.348
145.577 141.082
95.8258 114.579
102.129 116.639
108.574 116.199
114.42 114.467
108.483 116.963
101.536 117.123
142.583 111.576
148.646 112.601
155.216 112.382
161.157 110.43
155.469 112.879
148.686 113.338
97.9242 152.144
110.317 152.858
121.29 154.142
132.498 154.601
139.025 152.88
145.677 149.882
153.221 147.492
149.307 158.46
143.559 167.744
133.638 173.243
119.279 171.493
107.431 163.122
115.517 155.895
132.171 157.185
142.801 153.63
145.026 159.699
133.196 166.232
114.786 163.297
