77.9489 89.3376
84.4495 86.0161
91.8225 88.0481
98.6825 92.3415
104.922 97.0996
136.647 95.4731
143.156 90.5591
150.31 85.2678
158.188 83.9354
164.831 87.2507
121.079 110.27
120.517 119.609
120.204 128.809
120.179 138.288
110.387 141.128
115.583 144.368
121.968 145.89
128.077 144.093
133.028 140.751
89.452 111.549
95.1259 112.263
100.781 111.952
106.648 110.44
101.153 112.724
95.2768 113.023
137.469 110.413
143.075 111.258
149.458 110.746
155.417 109.507
149.562 111.722
143.313 112.262
99.8859 152.522
107.318 153.01
114.587 152.681
122.59 153.671
131.32 152.442
140.169 152.531
149.088 152.55
142.665 161.602
134.745 168.443
124.432 171.041
113.957 168.52
106.391 161.449
112.857 156.222
122.963 156.948
134.732 156.139
136.605 162.572
124.508 165.865
112.735 162.474
