72.8341 108.754
79.8499 102.805
88.094 99.5999
97.2513 99.1962
106.214 99.378
133.288 96.3368
139.011 94.1994
145.044 92.2955
151.272 92.604
156.22 96.1646
122.648 106.975
125.685 112.83
128.997 118.57
131.777 124.716
120.325 142.333
125.307 141.255
130.26 140.704
134.892 140.217
138.601 140.015
84.9572 119.347
91.0082 114.844
97.8561 113.625
103.795 116.735
98.3651 119.097
91.7085 120.049
135.257 112.139
140.643 108.175
146.715 107.453
152.331 111.21
147.197 113.25
141.268 113.471
108.582 167.847
115.403 161.228
123.106 155.831
132.409 154.163
139.494 153.235
146.101 156.432
150.902 161.714
145.855 163.475
140.328 164.574
133.913 165.683
124.986 166.931
116.701 167.681
121.204 161.342
132.654 158.159
142.169 158.132
142.543 161.01
133.492 161.835
121.936 163.772
