86.0264 101.306
92.515 96.6847
100.256 95.03
108.307 95.9958
116.032 97.7642
136.414 100.04
141.924 99.3791
147.607 98.916
152.997 100.295
156.935 104.188
128.084 108.867
130.007 114.299
132.156 119.609
134.146 125.102
122.75 137.447
126.601 138.08
130.626 138.325
134.234 138.304
136.797 138.097
96.3496 111.815
101.648 108.931
107.244 109.125
111.992 112.74
106.928 114.03
101.468 113.689
136.602 113.867
141.58 111.911
146.857 112.286
150.655 116.257
146.226 116.785
141.309 116.021
109.554 158.035
115.737 152.95
122.657 149.473
130.128 149.463
135.924 150.002
140.044 154.362
142.553 160.297
138.999 162.28
134.289 162.702
128.902 162.632
121.765 162
115.188 160.663
121.633 153.977
129.717 153.676
135.339 155.193
134.983 159.08
129.471 158.537
121.685 158.228
