87.6165 100.5
92.626 96.5604
99.2698 95.7964
105.693 97.101
111.781 99.0559
136.479 97.949
145.079 95.1092
154.301 94.3243
163.446 96.6838
171.006 101.304
121.027 107.434
119.187 114.932
117.029 122.164
115.091 129.99
111.301 143.073
114.669 143.377
118.356 143.525
123.538 143.268
128.818 143.152
95.1653 115.557
100.138 113.957
106.101 113.336
111.898 113.466
106.298 115.451
100.56 116.373
139.693 112.59
145.296 112.738
151.643 113.483
158.228 114.198
151.805 115.643
145.475 115.033
104.191 165.469
107.726 159.882
112.762 155.612
119.086 155.937
128.095 155.989
136.344 159.738
143.414 164.576
135.803 165.453
127.891 166.082
119.766 166.088
114.245 166.231
108.995 166.003
111.85 160.526
119.382 159.894
131.176 160.359
130.76 161.316
119.269 160.87
111.676 161.769
