93.6517 101.838
99.1651 98.0272
105.641 96.8892
112.464 98.5012
118.84 100.708
133.836 102.578
137.032 101.494
140.583 100.96
144.201 101.064
147.686 102.592
127.685 109.115
129.582 112.998
131.849 116.54
133.996 119.842
125.395 133.084
128.613 132.5
131.788 132.448
134.028 132.787
135.354 133.733
104.386 111.459
107.872 109.364
111.843 109.531
115.568 111.979
111.677 112.871
107.616 112.545
134.35 113.417
137.909 112.051
141.758 112.717
145.228 116.107
141.611 116.087
137.74 115.343
116.402 151.685
119.99 146.194
125.434 142.193
132.175 141.767
136.968 142.792
139.876 147.084
141.112 152.57
139.37 155.562
135.704 156.585
131.741 156.18
125.989 155.867
120.64 154.452
124.753 146.251
131.809 145.187
136.648 147.162
136.351 152.489
131.906 152.345
125.108 152.311
