91.5377 97.707
96.3755 94.6266
102.135 94.5757
107.788 95.9046
113.323 97.4348
134.724 97.2203
144.477 95.3263
154.611 95.1796
164.28 98.0124
172.699 103.16
120.997 107.29
118.034 114.715
114.752 121.886
111.639 129.4
110.079 141.766
112.937 142.09
116 142.369
121.142 142.633
126.568 143.014
98.4909 113.805
102.969 112.013
108.993 111.613
114.642 112.498
109.202 114.701
103.464 115.385
139.372 113.219
145.05 113.275
151.497 114.314
158.007 115.509
151.462 117.187
145.017 116.382
102.775 163.079
105.732 158.151
110.215 154.459
115.615 155.216
124.525 155.396
132.52 159.477
139.339 164.736
131.721 165.411
123.951 165.462
115.844 165.051
111.156 164.64
106.781 164.004
110.218 158.743
115.961 158.528
126.717 159.82
126.253 161.106
115.71 159.669
109.948 160.255
