92.4011 94.7747
97.8992 91.8651
103.951 92.1902
109.685 93.7933
115.292 95.4546
134.938 95.8263
145.654 94.7135
156.64 95.2254
166.889 99.2314
174.853 106.252
120.375 107.106
116.851 114.542
112.689 121.863
108.746 129.245
107.615 142.192
110.772 143.423
114.367 143.869
120.071 144.169
125.964 144.525
99.1188 112.236
103.432 111.032
108.88 110.817
114.124 111.029
108.914 113.106
103.5 113.631
139.792 112.973
145.754 114.134
152.179 115.34
158.626 116.613
152.182 118.042
145.321 116.634
101.217 164.14
103.726 159.413
108.017 156.089
113.367 156.415
122.59 157.493
130.719 161.455
137.647 166.82
129.64 166.862
121.73 166.707
113.564 166.241
109.139 166.111
104.997 165.166
107.575 160.852
113.334 160.648
124.645 162.084
124.346 162.548
113.201 160.972
107.424 161.62
