84.4785 102.144
90.0494 97.2605
97.6543 95.5476
105.262 96.5362
113.028 97.3992
139.389 98.4028
146.606 97.2875
153.854 96.7415
161.03 98.4138
166.396 102.956
126.567 109.334
126.839 116.203
127.116 122.744
127.285 129.607
118.97 140.431
122.818 139.891
126.482 139.915
129.999 139.915
133.48 140.197
93.7127 113.891
99.5854 111.788
105.987 111.563
111.405 113.347
105.687 115.09
99.6059 115.567
140.204 113.327
145.491 112.054
151.562 112.218
156.827 114.476
151.422 115.852
145.73 115.566
107.83 160.339
113.491 155.962
119.904 152.263
126.988 152.543
134.123 152.723
140.326 156.62
145.798 161.127
140.859 163.14
134.407 163.493
127.561 162.731
120.406 162.68
113.527 161.932
118.764 156.331
127.165 155.707
135.463 156.725
135.764 159.39
127.669 158.453
118.861 158.783
