83.4843 103.995
90.2779 99.361
98.6242 97.1098
107.197 97.6928
115.538 99.722
136.034 101.873
140.103 100.518
144.094 99.8437
148.171 99.9698
151.393 101.987
127.132 110.869
129.918 116.747
132.565 122.279
135.074 128.052
119.317 140.77
124.388 141.618
129.565 141.933
132.04 141.944
134.82 141.516
93.1121 113.729
98.4532 111.255
103.832 111.159
108.861 113.883
103.988 115.912
98.4063 116.282
132.327 114.853
136.753 112.393
141.669 112.014
145.165 115.126
141.328 117.157
136.589 116.975
106.472 160.068
113.765 155.846
121.446 152.685
129.895 152.601
134.874 152.565
138.759 155.558
140.245 159.935
138.198 163.784
133.839 166.013
128.853 166.799
120.848 166.368
113.424 164.049
120.395 156.78
129.614 156.233
134.42 156.705
134.09 160.039
129.147 160.756
120.367 160.437
