81.6757 102.348
88.973 97.7082
97.8065 95.5788
106.666 96.3467
115.278 98.616
137.401 101.015
141.746 99.2378
146.06 98.2607
150.486 98.2146
153.952 100.284
128.124 110.216
131.186 116.686
134.242 122.823
137.179 129.33
120.093 141.862
125.645 142.86
131.352 143.195
134.097 143.181
137.13 142.607
91.8917 113.379
97.7368 111.186
103.328 110.872
108.596 113.224
103.489 115.339
97.607 115.851
133.899 114.114
138.565 112.016
143.636 111.636
147.357 114.428
143.295 116.511
138.266 116.307
106.514 162.366
114.322 158.073
122.41 154.801
131.606 154.785
136.772 154.634
140.681 157.814
141.753 162.675
139.875 166.642
135.48 169.106
130.26 170.051
121.585 169.443
113.769 166.791
121.069 159.099
131.27 158.355
136.018 158.903
135.55 162.929
130.618 163.885
121.079 163.435
