81.6098 102.647
88.6998 97.9495
97.3772 95.6269
106.555 96.4851
115.338 98.8008
135.235 100.749
140.042 99.277
144.545 98.3192
149.15 98.5343
152.677 101.142
126.83 110.111
129.606 116.183
132.26 122.126
134.874 128.155
118.782 140.935
124.11 142.019
129.592 142.271
132.024 142.135
134.822 141.291
91.5625 113.294
96.9661 111.206
102.518 111.019
107.742 113.307
102.645 115.056
96.9587 115.466
131.905 113.69
136.383 111.607
141.673 111.555
145.597 114.376
141.25 116.195
136.336 115.898
105.701 161.364
113.063 157.632
120.769 154.553
129.368 154.404
134.216 154.014
138.033 156.652
139.487 160.677
136.826 163.911
132.833 165.626
128.25 166.221
120.31 166.263
112.852 164.62
119.163 158.615
128.936 158.087
133.879 158.243
133.504 160.2
128.486 160.57
119.121 160.762
