83.7789 101.275
91.4816 96.6399
100.245 94.6863
109.193 95.5601
118.015 98.1991
138.736 100.833
144.141 99.083
149.739 97.9611
155.181 98.7335
158.921 102.736
129.484 109.499
131.334 115.896
133.191 122.4
135.044 129.106
120.267 139.485
125.354 141.03
130.627 141.59
133.821 141.087
136.687 139.78
94.9056 111.691
100.443 109.625
106.257 109.324
111.774 111.486
106.598 113.664
100.609 113.74
136.737 112.894
141.594 111.068
147.249 111.088
151.824 114.031
147.186 115.73
141.635 115.179
106.394 159.698
113.386 154.977
121.276 152.025
130.113 152.404
135.185 151.958
139.351 155.037
140.917 159.99
138.818 164.731
134.224 167.49
128.885 168.415
120.41 167.858
112.766 164.859
119.488 156.553
129.811 155.73
134.99 156.502
134.996 161.289
129.258 162.081
119.312 161.666
