77.0711 101.381
86.6965 98.983
97.196 98.5214
107.426 100.716
117.335 102.358
137.326 101.742
144.499 99.184
151.522 95.3903
158.913 93.2103
165.428 93.5847
127.89 111.343
128.921 120.847
129.864 130.088
130.872 139.352
116.305 142.448
121.877 145.38
128.24 146.195
133.652 144.527
137.677 141.441
90.2692 112.659
96.3907 111.929
103.318 111.352
108.773 110.822
103.33 113.26
96.5461 113.96
139.592 108.008
145.52 107.57
151.524 107.474
156.151 107.379
151.355 109.234
145.415 109.322
102.746 159.326
110.522 157.218
118.882 156.755
127.102 157.384
132.276 155.273
137.507 154.696
142.619 155.003
138.963 161.242
134.105 166.104
127.18 167.958
118.098 167.155
110.018 164.221
117.001 160.024
126.993 159.852
134.138 157.96
134.516 159.058
127.548 161.439
117.557 160.896
