81.3405 90.5093
89.0855 91.0744
97.2001 93.4552
105.212 97.4792
112.647 100.349
136.053 101.235
146.135 99.0637
156.184 97.2476
167.022 97.1068
176.969 100.081
123.862 109.047
122.812 119.525
121.704 130.199
120.41 140.836
111.149 139.6
115.293 143.92
120.795 146.078
128.332 144.782
135.086 141.241
92.596 105.674
98.2111 106.409
104.511 106.583
110.49 106.051
104.695 107.784
98.4606 107.512
142.218 109.457
147.906 111.436
154.319 111.909
159.998 111.794
154.021 112.994
147.649 112.22
106.098 155.259
111.223 154.729
116.879 154.588
122.676 155.629
130.907 155.463
139.124 156.289
145.91 158.701
139.408 163.945
131.035 167.385
121.939 167.937
114.766 166.254
109.454 161.586
115.241 157.781
122.384 158.911
132.93 159.085
132.528 160.509
121.869 160.874
115.062 159.119
