85.6467 99.0854
92.1129 96.8041
99.4449 96.8132
106.392 98.6346
113.066 101.359
139.95 101.451
146.056 99.4467
152.21 97.365
158.483 96.8757
163.965 100.046
126.634 112.739
126.76 120.451
126.685 127.858
126.79 135.566
117.545 140.521
121.394 142.103
126.03 142.764
130.772 142.084
134.522 140.378
95.8917 111.002
100.886 110.554
106.415 110.21
111.104 110.153
106.456 112.3
100.804 112.53
139.374 110.571
144.434 110.664
150.036 110.864
155.167 111.451
150.362 113.089
144.436 112.646
108.112 157.851
113.658 155.311
120.097 154.092
126.447 154.82
131.859 153.886
137.426 154.673
142.478 156.518
138.624 161.733
132.902 165.367
126.112 166.22
119.111 165.19
113.189 162.364
118.926 157.135
126.148 157.478
133.227 156.793
133.804 158.843
126.341 159.959
118.873 158.803
