82.3105 101.009
89.3698 98.1218
97.2325 98.0659
105.095 99.8104
112.613 101.859
134.768 100.283
142.467 97.6835
150.269 95.7233
158.264 95.9504
165.515 99.4147
123.306 111.391
123.466 120.361
123.483 129.189
123.692 138.053
115.604 141.855
119.851 144.025
125.231 144.619
130.735 143.362
135.501 140.618
93.7764 112.107
99.2014 112.021
104.727 111.635
109.532 110.724
104.775 113.127
99.008 113.64
137.809 109.684
143.523 110.978
149.617 111.086
154.819 110.517
149.675 112.274
143.461 112.093
109.759 158.587
115.21 157.296
120.836 155.978
126.61 156.551
133.19 155.235
140.261 155.224
146.957 155.678
141.539 160.871
134.986 165.207
127.044 166.975
120.173 165.716
114.596 162.719
119.76 158.828
126.715 159.4
135.728 157.797
136.041 159.398
126.64 161.224
119.463 160.542
