81.7599 84.7678
89.2237 86.1124
96.7954 88.1682
104.432 91.382
111.305 94.7476
140.444 95.8896
150.063 93.8897
160.249 92.8838
170.171 95.0064
178.165 99.7514
122.964 108.141
121.159 119.598
119.204 130.939
117.254 142.414
109.376 140.006
112.98 144.914
118.418 147.314
126.17 146.627
132.817 143.316
93.0583 102.774
98.2564 104.383
104.843 105.106
109.85 105.671
104.232 107.244
97.9691 106.009
142.178 110.852
147.951 112.597
154.604 112.937
161.107 113.348
154.672 114.856
147.648 113.887
104.096 152.511
109.228 152.823
114.543 153.61
120.088 156.372
128.528 155.13
136.71 155.806
144.683 157.666
137.867 163.206
129.512 166.356
120.16 166.655
113.328 164.314
108.132 159.729
113.242 156.84
120.327 159.121
130.596 158.784
130.258 160.154
119.777 160.709
112.761 158.269
