83.1148 90.9977
89.8915 91.6445
96.5144 93.0737
103.303 95.7936
109.371 98.9791
141.979 100.547
150.137 99.3879
158.328 98.9569
166.572 100.048
173.903 103.005
123.498 111.112
121.768 121.63
119.886 131.995
118.018 142.773
110.57 140.229
114.144 144.876
119.519 147.146
126.859 146.034
132.994 142.777
93.3965 105.142
98.5225 106.213
104.669 106.83
110.103 107.088
104.536 108.555
98.5216 107.589
141.286 110.978
146.646 113.219
152.649 113.767
158.324 113.885
152.42 115.226
146.227 114.28
105.067 152.452
110.352 152.928
115.62 153.776
120.961 155.57
129.18 154.968
136.964 155.514
144.251 157.364
137.684 162.736
129.466 166.342
119.998 166.645
112.935 164.308
108.229 159.209
113.925 156.432
120.671 158.349
131.385 158.394
130.975 159.704
119.873 160.328
112.923 158.013
