83.5737 100.284
90.4396 96.6613
97.878 96.3421
104.968 98.8685
111.535 101.335
137.131 100.265
143.09 97.3064
149.461 94.4715
156.348 92.9893
162.196 95.6043
125.398 111.691
126.024 120.208
126.768 128.553
127.586 137.08
117.506 142.055
122.025 143.924
127.064 144.497
131.52 143.206
135.217 140.634
92.2456 110.915
98.4828 107.307
105.499 106.957
111.396 110.266
105.821 113.79
98.77 114.289
137.952 109.133
143.426 105.017
149.797 104.196
155.625 106.807
151.174 110.449
144.455 111.138
107.534 159.224
113.819 156.63
120.453 155.281
127.183 155.92
132.757 154.52
138.467 154.737
143.621 156.448
139.392 162.137
133.693 166.421
126.515 168.134
119.312 167.291
112.901 164.07
119.531 159.235
126.826 159.372
133.567 157.869
133.823 160.065
126.434 161.591
119.003 161.195
