82.0708 99.347
89.5199 95.5699
97.4222 95.0019
105.058 97.4461
112.267 99.5843
138.546 98.2134
144.791 95.4368
151.337 92.3451
158.525 90.6402
164.841 93.4834
126.137 110
126.741 118.929
127.485 127.63
128.407 136.301
118.002 142.499
122.791 144.226
128.079 144.669
132.67 143.298
136.441 140.674
91.2563 110.095
97.8416 106.789
105.108 106.01
111.323 108.742
105.522 111.922
98.4202 112.641
138.99 107.42
145.053 103.616
151.784 102.665
157.95 104.96
152.985 108.142
146.082 108.799
107.131 160.645
113.967 158.011
121.022 156.19
128.136 156.529
133.806 155.004
139.719 155.401
145.205 157.098
140.935 163.234
134.949 167.328
127.681 169.036
120.118 168.367
113.183 165.286
119.933 160.387
127.949 159.805
135 158.539
135.327 160.937
127.631 162.659
119.607 162.331
