86.0175 103.995
92.787 99.3124
100.7 97.4244
108.601 99.1209
116.104 100.584
137.446 98.7307
142.978 95.7377
148.646 92.7655
154.957 91.2326
160.417 93.4042
127.958 110.692
129.766 119.049
131.536 127.149
133.458 135.668
121.724 142.187
126.324 143.725
131.629 144.059
135.587 142.411
138.232 139.587
94.12 113.591
99.954 109.695
106.618 108.729
112.535 110.548
107.584 113.635
100.972 114.851
138.714 108.388
143.83 104.55
149.691 103.555
155.248 105.477
151.087 108.168
145.012 109.02
110.908 160.645
117.364 157.331
124.245 155.141
131.51 155.325
136.1 153.745
140.868 153.985
145.001 155.457
142 161.283
137.064 165.183
131.057 167.521
123.566 167.248
116.815 164.546
123.202 159.417
131.396 158.655
137.281 157.311
137.423 158.93
130.896 160.989
122.88 161.105
