84.7984 100.506
91.7073 96.9397
99.3152 96.0205
106.582 98.3154
113.282 100.756
139.032 99.5385
144.771 96.3773
150.817 93.1049
157.704 91.1635
163.923 93.2766
127.101 111.478
127.787 119.953
128.458 128.295
129.289 136.633
119.964 142.377
124.573 144.053
129.489 144.445
134.099 143.052
137.842 140.285
93.7717 111.563
99.9963 108.365
106.983 107.48
112.876 109.83
107.465 113.095
100.55 114.013
139.53 108.567
144.907 104.482
151.379 103.549
157.486 105.644
152.814 108.681
146.137 109.475
109.289 159.818
115.709 157.35
122.576 155.661
129.458 155.706
134.873 154.279
140.455 154.484
145.546 156.002
141.766 162.245
135.884 166.288
128.961 168.168
121.403 167.603
114.831 164.448
121.352 159.779
129.198 159.109
136.142 157.91
136.461 159.797
129.022 161.458
121.026 161.235
