83.7082 100.496
90.0938 96.8744
97.6338 95.7054
105.316 98.0617
112.375 100.879
134.982 100.012
141.894 97.2383
149.061 94.8896
156.414 95.6563
161.831 99.9353
124.208 108.124
124.896 115.302
125.578 122.503
126.231 129.714
117.248 140.49
121.36 141.4
125.588 141.477
129.912 141.016
133.874 139.485
90.1701 111.292
96.8378 107.029
104.119 106.728
110.102 110.435
104.287 114.498
97.0037 114.888
135.764 110.603
141.592 106.743
148.89 106.164
155.049 110.218
149.289 113.475
142.254 113.548
107.814 162.986
112.143 157.723
118.668 153.219
126.07 153.717
132.705 152.442
138.637 156.318
141.872 162.166
138.719 167.537
133.407 171.255
126.367 172.003
118.964 171.313
112.575 168.227
118.026 158.197
126.061 157.54
133.279 157.812
133.365 165.623
126.047 166.042
117.842 165.18
