84.6624 101.692
91.1826 97.7166
98.8061 96.3118
106.663 98.5138
113.754 101.647
136.503 100.173
143.175 97.5408
150.035 95.3349
156.951 96.2698
161.7 100.767
125.179 108.997
126.201 116.296
127.384 123.512
128.475 130.748
118.984 140.636
122.997 141.607
127.353 141.711
131.242 141.122
134.633 139.457
91.6706 111.949
98.0179 107.664
105.051 107.305
110.814 111.138
105.152 114.969
98.0348 115.442
135.918 111.052
141.703 107.17
148.575 106.588
154.642 110.665
148.923 113.615
142.227 113.842
109.169 162.698
114.078 157.575
120.743 153.082
128.136 153.639
134.425 152.215
139.934 156.127
143.039 161.857
140.266 167.186
135.057 170.846
128.145 171.764
120.409 171.039
113.903 167.814
119.596 158.093
127.653 157.493
134.93 157.474
134.966 165.295
127.607 165.716
119.191 165.085
