79.8455 103.645
85.8149 99.9906
93.1479 99.2799
100.56 99.7473
107.956 100.605
135.387 97.0132
142.464 93.6324
150.017 91.0264
157.821 90.087
165.92 90.9617
122.529 109.938
123.347 119.787
124.199 129.499
125.295 139.248
117.011 142.435
122.091 145.529
128.274 146.109
133.522 143.727
137.6 139.413
94.1089 115.722
99.0456 114.645
104.416 113.599
109.13 111.547
104.459 114.808
98.9522 116.097
138.908 108.104
144.167 107.723
150.146 107.901
155.242 106.56
149.854 108.503
144.233 108.997
111.196 160.244
116.291 156.509
122.435 154.814
129.367 154.379
137.397 152.886
145.724 152.041
153.595 153.17
146.761 157.436
139.237 159.984
131.362 161.148
124.512 162.11
117.708 161.981
121.763 158.314
129.885 157.432
140.248 155.607
140.574 155.715
130.394 157.88
121.93 159.134
