80.9399 100.272
89.8655 98.7252
98.6172 99.0295
106.839 101.073
114.755 102.9
137.191 101.021
143.606 98.7978
149.859 95.8
156.858 93.7505
163.582 93.9518
127.137 110.808
127.809 119.691
128.306 128.248
128.982 136.547
117.384 140.563
122.242 142.84
127.782 143.61
132.808 141.853
135.93 138.937
91.9439 112.097
97.7353 112.008
103.904 111.633
109.61 110.202
104.44 112.835
98.0348 113.484
138.887 107.724
144.343 107.426
149.924 107.444
154.563 107.077
149.991 108.949
144.337 109.105
105.081 159.997
112.334 156.214
120.074 154.377
127.417 154.686
132.7 153.151
137.818 153.71
142.514 155.917
139.261 162.921
133.936 168.49
126.542 170.336
118.037 169.834
110.415 166.309
117.165 158.843
126.978 158.609
134.77 157.035
134.939 160.149
126.517 162.547
116.531 162.119
