83.5033 105.517
91.8281 102.371
100.259 100.768
109.083 100.844
117.953 101.307
138.591 99.7931
143.586 98.0392
148.095 95.7122
152.879 94.8182
157.332 94.9886
130.794 107.966
133.836 116.373
137.101 124.575
140.003 132.995
123.872 142.09
129.642 142.796
135.133 142.743
139.123 141.222
142.24 139.85
94.218 115.214
100.929 114.672
107.08 113.779
112.602 112.153
107.714 114.644
101.14 115.568
139.417 108.913
144.945 108.661
149.73 108.728
153.785 108.898
150.569 109.702
145.1 109.901
107.875 164.876
116.138 159.177
125.671 155.169
135.22 154.544
139.751 153.058
144.262 154.252
146.087 157.654
144.677 164.144
141.081 170.095
134.527 173.198
124.117 172.934
115.083 169.745
122.881 159.223
134.995 157.486
140.837 156.049
140.337 162.972
134.249 165.866
122.157 165.618
