79.7522 103.88
88.2686 100.265
96.992 99.0895
105.808 99.5141
114.732 100.578
139.549 98.8817
145.009 96.8345
150.044 94.4254
155.342 92.4608
159.996 92.5714
130.401 107.246
133.069 116.668
135.791 126.021
138.438 135.581
121.139 142.2
127.229 143.576
133.555 143.896
138.646 142.217
142.162 140.032
92.0195 112.716
99.0977 112.799
105.606 112.678
111.408 111.292
105.828 113.307
99.0405 113.801
140.238 107.314
145.893 107.375
150.832 107.276
155.232 106.256
151.506 108.03
145.861 108.352
106.786 163.455
115.533 158.816
124.875 155.694
133.98 155.527
138.889 153.942
143.479 154.064
146.647 156.591
144.849 163.079
140.579 169.265
133.547 171.882
123.069 171.994
113.526 169.389
121.914 159.746
133.957 158.519
140.237 156.636
140.177 162.373
133.537 165.166
121.461 165.351
