79.0922 95.8892
86.8265 94.7897
95.3845 95.8687
103.754 98.7244
112.069 101.138
140.025 102.127
147.745 99.2644
155.534 96.461
163.584 95.9229
170.659 98.128
124.232 111.467
123.472 120.064
122.591 128.537
121.664 137.148
112.087 138.719
116.202 141.653
121.266 142.855
126.644 141.804
131.434 139.509
91.0198 108.77
96.4441 108.861
102.872 108.872
108.598 108.802
102.976 110.481
96.6905 110.42
139.443 110.249
145.553 110.922
151.875 111.004
157.471 111.144
151.793 112.694
145.486 112.256
102.331 155.462
107.702 151.745
114.622 150.593
121.576 152.863
128.813 150.363
136.503 151.362
142.402 155.257
138.366 163.675
130.928 168.689
121.739 169.643
112.882 168.29
106.239 163.579
113.487 153.827
121.671 154.473
130.824 153.331
131.401 160.819
121.83 162.884
113.243 161.03
