88.6423 85.6223
94.0717 85.3156
99.8308 88.0876
105.046 91.9987
110.674 95.5332
138.042 101.969
148.35 102.473
159.125 103.458
169.386 106.595
178.49 111.708
121.684 108.13
117.763 118.207
113.918 128.448
110.419 138.65
103.817 140.44
107.605 144.603
112.972 147.704
120.974 147.986
128.867 147.017
92.5328 99.4526
98.3896 101.344
104.746 102.459
111.203 103.104
104.616 103.156
98.0146 102.037
143.205 113.393
149.618 117.309
156.745 119.42
164.046 120.044
156.688 119.152
149.529 116.778
95.7098 159.599
100.91 155.85
107.012 155.435
112.814 158.821
123.328 159.404
132.527 163.668
140.086 170.226
132.039 176.409
122.277 179.734
111.626 179.063
103.445 175.065
98.8786 167.594
106.23 159.937
112.451 162.666
123.886 164.679
123.307 171.526
112.32 170.386
105.624 166.968
