87.1514 95.255
92.7748 92.196
100.142 91.4303
107.428 94.2728
114.167 98.225
141.634 101.585
148.34 101.338
154.915 101.468
160.99 103.294
165.808 107.345
125.857 107.322
124.592 115.791
123.382 124.164
122.482 132.694
111.498 137.242
115.746 140.397
120.871 142.441
126.854 141.953
132.243 140.113
92.0803 103.575
98.4027 102.718
105.031 103.502
110.659 106.565
104.052 107.208
97.255 106.519
139.471 111.703
146.175 111.231
152.537 112.765
157.663 115.767
151.307 116.099
145.048 114.992
99.555 154.45
105.613 151.656
112.609 150.692
119.68 152.35
126.623 152.813
132.721 155.96
137.615 160.513
132.725 165.123
125.93 167.892
117.576 167.884
109.451 165.134
103.369 160.354
110.252 154.495
119.012 156.499
128.112 157.408
127.72 162.207
118.292 162.205
109.151 158.788
