86.7595 99.7827
92.9498 96.1059
100.131 94.8616
107.358 97.3821
114.699 100.373
139.651 102.447
146.067 100.681
152.458 99.7021
158.804 101.099
163.463 105.489
126.014 109.244
125.574 117.578
125.026 126.156
124.664 134.776
113.224 139.945
117.619 142.023
122.673 143.09
127.987 142.602
132.88 140.624
92.4809 109.397
98.7882 109.477
105.075 109.601
110.693 110.479
104.922 111.94
98.1594 111.644
138.244 113.491
144.058 113.564
150.001 114.191
155.913 115.06
150.083 116.012
143.791 115.507
101.116 158.175
107.364 154.35
114.482 152.278
121.68 153.497
128.625 153.347
134.894 156.06
139.482 160.649
135.46 167.224
128.883 171.52
120.203 172.042
111.474 170.106
105.296 164.729
111.669 156.004
121.116 157.18
130.428 157.382
130.297 164.495
120.56 165.341
110.367 162.999
