81.1761 97.7834
87.9422 94.8714
95.6294 94.8068
103.44 97.7199
111.053 99.9408
131.684 100.9
141.007 98.6101
150.394 96.6227
160.162 97.6852
168.874 101.337
121.479 108.007
120.513 117.552
119.55 127.175
118.626 136.965
110.451 139.637
115.006 142.654
120.703 144.009
127.795 142.684
134.03 140.038
89.5523 107.577
95.7337 107.405
102.195 107.559
108.507 107.74
102.061 109.491
95.494 109.54
138.576 109.919
144.71 111.019
151.422 111.248
157.615 111.204
151.281 112.49
144.73 111.958
103.59 159.348
109.14 156.756
115.032 155.294
121.514 156.587
129.662 155.319
137.854 156.691
145.554 159.782
139.712 167.137
131.748 172.154
121.993 173.326
113.335 171.387
107.511 166.254
113.321 158.585
121.599 159.597
132.545 158.62
133.11 164.509
121.836 166.012
112.973 164.185
