85.8429 95.4754
91.8304 94.3376
97.968 95.2411
103.978 98.2548
109.587 101.028
137.119 103.129
145.28 101.56
153.59 100.249
161.952 101.364
169.464 103.629
122.273 109.209
120.379 118.456
118.864 128.35
117.838 138.34
109.076 138.017
113.708 142.375
119.778 144.199
127.199 142.888
133.806 139.974
92.066 105.599
96.607 106.247
103.212 107.269
109.488 107.715
103.095 108.856
96.6436 108.161
138.976 110.471
144.731 112.137
151.616 112.601
158.206 112.134
151.32 113.564
144.465 112.953
104.123 152.008
109.044 150.426
114.65 150.684
120.348 152.372
128.547 151.556
137.145 151.947
144.182 155.343
139.115 164.17
131.003 169.855
120.511 171.427
111.563 168.972
106.006 162.183
112.652 153.955
120.658 156.177
131.831 154.877
131.999 161.531
120.187 163.116
111.188 160.419
