83.7092 98.7332
90.5148 97.2054
97.633 97.9065
104.481 100.195
111.662 102.479
135.277 103.652
144.175 102.489
152.983 101.2
162.25 101.225
171.223 103.186
122.331 109.053
120.987 118.215
119.705 127.617
118.897 136.781
109.388 139.876
114.603 143.577
121.042 145.33
127.823 144.305
133.976 141.924
93.2362 110.192
98.6008 110.266
104 110.086
109.302 109.806
104.163 111.349
98.654 111.403
140.953 113.022
147.172 114.328
153.15 114.822
159.286 114.897
153.074 115.895
147.062 115.238
103.722 161.5
109.493 158.313
115.59 157.043
121.858 158.19
129.852 157.28
137.749 159.13
145.186 162.632
139.181 168.877
131.28 173.398
122.391 174.153
114.61 172.91
108.127 168.235
114.354 161.172
121.781 162.143
131.539 161.568
131.769 163.969
122.069 164.952
114.193 163.942
