83.2296 99.9208
89.5826 97.5935
96.9365 98.1212
104.281 101.09
111.404 103.144
133.777 102.76
142.663 100.048
151.402 97.4006
160.644 97.5729
168.593 100.882
123.195 108.947
122.622 117.404
121.945 125.974
121.394 134.585
113.96 138.402
118.184 141.257
123.324 142.394
129.43 140.853
134.598 138.152
94.5527 110.665
98.9964 110.197
104.849 109.99
110.153 109.984
104.989 111.79
99.313 111.876
140.495 110.738
145.885 110.833
152.487 110.769
158.09 110.603
152.375 112.582
145.997 112.685
107.447 158.626
112.368 155.153
118.374 153.959
124.651 155.045
131.777 153.53
139.436 153.88
145.893 157.08
141.718 165.651
134.914 171.489
125.962 173.287
117.037 171.855
110.97 166.206
118.692 157.572
124.932 158.464
132.701 156.885
133.809 163.406
125.599 165.615
118.192 163.894
