83.4242 105.754
88.9294 101.838
95.7822 99.692
103.142 100.465
110.414 101.008
131.694 98.8337
139.075 96.0557
146.716 94.0422
154.421 95.2041
161.415 98.2845
121.665 106.391
122.815 114.595
124.105 123.012
125.101 131.852
115.746 139.919
120.577 140.976
125.887 140.831
131.45 138.922
136.702 136.245
90.4557 114.885
96.5429 111.979
102.779 111.05
108.536 112.59
103.048 115.067
96.7058 116.128
134.856 109.137
140.921 106.987
147.31 106.525
153.171 107.871
147.597 110.044
141.051 110.565
109.505 161.198
113.971 154.94
120.64 150.82
128.159 150.455
135.635 148.502
143.215 150.165
149.408 154.253
145.354 161.491
139.294 167.305
130.625 170.04
122.013 169.634
114.836 166.371
118.517 155.864
128.41 154.866
139.157 152.742
140.751 161.056
129.448 163.673
118.887 163.985
