86.4037 95.912
90.9142 93.7811
96.2345 93.893
101.725 95.3163
107.549 95.9934
132.376 98.7066
141.722 97.2771
151.109 96.9078
159.991 99.5531
168.289 103.787
118.578 109.684
116.326 118.744
114.377 127.836
112.76 136.896
106.87 142.041
111.344 144.99
117.216 146.92
124.609 145.571
131.612 144
91.5168 108.836
96.691 107.03
102.372 107.015
107.999 108.544
102.095 109.806
96.0382 110.351
139.039 111.532
144.727 110.774
151.06 111.618
157.715 113.502
151.143 113.929
144.69 113.255
102.885 162.262
107.173 158.15
113.055 156.333
119.834 157.558
129.774 156.736
139.261 159.675
148.121 164.364
141.917 172.172
132.463 177.442
121.419 179.194
112.186 176.559
106.15 169.865
112.397 160.284
120.213 161.574
132.661 161.197
134.027 170.324
121.32 172.461
112.365 169.264
