85.6026 94.3943
91.4216 91.9332
97.1772 92.0581
102.949 94.2095
108.866 96.4656
132.214 101.073
141.877 100.957
151.443 101.322
160.686 105.037
168.404 111.176
118.998 109.053
116.141 118.059
113.261 127.31
110.788 136.501
104.162 143.243
108.238 146.17
114.196 148.097
122.109 147.36
129.491 145.767
90.9818 107.447
96.6551 106.435
102.354 106.697
107.975 108.27
102.014 109.366
95.9859 109.228
139.415 115.12
145.692 115.529
151.661 116.758
157.827 119.197
151.237 118.693
145.27 117.639
98.1055 162.53
101.954 157.536
108.273 156.131
115.108 158.028
125.143 158.655
134.361 162.534
141.403 168.976
134.769 176.688
125.084 181.193
113.844 181.919
105.148 178.532
100.161 171.198
107.266 160.164
115.265 162.206
127.486 163.393
127.711 174.015
114.898 174.912
105.766 170.801
