89.7441 107.013
95.6595 101.75
102.648 99.5009
110.22 99.8489
117.306 101.881
131.647 102.09
134.992 101.154
138.042 100.49
140.579 101.228
142.889 103.218
126.207 109.146
129.306 115.995
132.435 122.106
135.658 128.314
124.315 138.184
127.455 138.39
130.846 138.406
133.473 138.22
135.467 138.642
96.4365 114.795
101.517 111.515
107.136 111.198
110.819 113.553
106.76 115.025
101.568 115.616
130.535 113.145
134.721 110.934
139.209 111.188
141.214 114.555
138.524 114.156
134.745 114.104
113.669 161.363
118.478 154.446
124.943 149.33
132.916 148.431
137.642 149.207
139.366 154.632
138.227 160.929
138.537 165.812
136.416 169.784
131.96 171.167
124.194 170.361
117.9 166.752
123.834 154.612
132.566 152.59
135.952 154.03
134.559 164.621
131.528 166.676
123.565 165.769
