87.2885 94.399
93.2912 92.4926
99.5538 92.5092
105.533 95.0166
111.51 97.6068
133.441 101.172
141.855 100.208
150.51 100.219
158.653 102.687
165.867 107.165
121.471 107.101
119.49 115.97
117.449 124.97
115.859 133.986
105.866 137.914
110.629 141.308
116.606 143.248
124.177 142.834
131.129 141.069
91.471 107.655
97.5336 108.759
103.648 109.118
109.156 109.026
103.046 110.48
96.7377 110.129
137.973 114.205
144.543 115.926
151.053 116.738
157.51 116.923
150.942 117.447
144.204 116.721
99.8494 159.108
104.521 154.332
111.101 153.033
117.952 154.141
126.583 154.381
134.562 157.261
139.819 163.616
134.77 170.809
126.07 174.768
116.297 174.893
108.16 172.924
102.667 167.179
109.793 157.162
118.007 158.544
127.939 158.895
127.884 167.006
117.438 167.901
108.498 165.398
