78.6982 110.467
86.6062 104.049
95.2681 99.8448
104.838 98.2852
114.098 98.4602
130.328 99.1226
134.131 97.0009
138.525 95.2871
142.547 95.6067
145.449 98.5003
124.619 108.615
129.427 115.637
134.722 122.291
140.202 128.985
122.242 141.609
128.234 141.669
133.605 141.332
137.522 140.209
139.979 139.064
89.4703 116.569
96.1986 112.041
102.51 110.456
107.157 113.671
102.299 115.361
96.3305 116.338
130.162 110.601
134.815 107.423
139.855 107.053
142.35 110.938
139.446 111.255
135.182 111.355
110.166 164.36
118.295 159.465
126.704 155.058
135.531 153.75
140.235 153.055
143.811 155.939
146.068 159.813
144.076 163.486
140.541 166.006
135.98 167.449
126.923 168.149
118.16 167.187
124.311 159.461
134.864 157.709
140.082 157.375
140.585 160.818
135.739 162.266
124.757 162.658
