82.8953 109.608
90.3696 104.013
98.3317 99.8796
107.399 98.4079
116.638 98.3404
134.816 97.3466
138.687 96.1184
142.197 94.5873
145.274 94.066
148.487 94.9438
128.693 108.308
133.351 115.522
138.311 122.457
143.246 129.679
126.007 142.249
131.564 142.203
136.858 141.807
140.831 140.732
143.689 139.415
92.7226 117.103
99.1399 113.54
104.933 111.718
109.866 113.387
105.012 114.8
99.0942 115.763
134.804 109.877
139.151 107.466
143.28 107
145.987 109.456
143.393 108.924
139.266 109.613
110.376 166.105
118.847 159.392
128.2 154.503
138.483 152.607
143.609 152.116
147.02 155.636
147.405 160.223
147.252 165.388
144.787 170.446
138.86 173.184
127.953 173.64
118.019 170.96
124.23 159.927
137.954 156.859
143.294 156.957
143.815 164.45
137.635 167.153
123.849 168.264
