84.159 97.0566
89.5757 96.2087
95.7433 97.339
101.877 99.783
107.96 101.773
136.56 100.833
144.837 100.398
153.062 99.7561
161.496 100.557
169.492 102.689
121.563 110.502
119.853 120.444
118.245 130.735
116.931 140.703
109.519 140.89
113.911 145.019
119.965 146.572
127.241 145.186
133.882 142.426
91.9055 108.906
96.7575 109.807
103.213 109.838
109.654 108.861
103.388 111.287
97.0133 111.11
139.262 111.566
145.168 113.417
152.288 114.146
159.226 113.103
152.338 115.29
145.245 114.87
105.66 154.417
109.943 152.204
115.34 152.327
121.126 153.645
130.242 152.843
139.297 153.497
146.958 156.817
141.016 165.018
132.673 170.308
122.034 171.723
113.308 169.742
108.2 163.131
113.469 155.124
121.309 156.104
133.259 156.113
133.706 163.126
121.599 164.649
112.942 162.059
