86.9784 108.628
93.9084 103.843
101.545 101.308
109.246 101.617
116.877 102.906
138.103 99.6877
142.72 96.4643
147.656 94.1904
152.977 93.0256
158.278 93.8651
129.544 108.367
132.586 116.043
135.635 123.756
138.871 131.633
124.928 141.625
130.137 142.828
135.649 142.712
139.462 140.838
142.227 138.038
95.7838 116.041
101.779 112.724
107.631 111.37
112.724 112.597
108.171 114.259
102.109 115.273
138.698 108.435
143.972 105.392
149.343 104.563
154.089 106.527
150.405 107.076
144.742 108.1
114.7 162.185
120.805 157.572
128.127 154.668
136.119 153.931
140.666 152.351
145.315 152.917
148.449 156.253
146.389 161.981
142.149 165.964
136.363 168.003
128.386 167.995
121.141 165.908
126.435 158.787
135.937 157.291
141.763 155.904
142.14 159.599
135.97 161.537
126.259 161.986
