80.4768 98.395
88.5192 96.6856
97.3995 97.4026
105.626 99.6907
113.509 102.361
134.363 101.654
142.472 99.191
150.543 96.6026
159.162 95.2897
166.915 97.8287
124.895 109.716
125.191 119.36
125.448 128.557
125.893 137.662
115.294 139.985
120.17 143.05
126.009 143.895
131.972 142.311
136.778 139.021
94.5838 110.743
99.1476 111.047
104.696 110.587
109.359 109.612
104.752 111.436
99.331 111.992
139.354 108.174
144.704 109.266
150.549 109.55
155.055 109.426
150.14 110.7
144.579 110.321
106.619 156.425
113.239 155.185
119.981 154.65
126.461 155.375
132.604 154.381
139.011 154.055
145.581 154.284
140.705 160.673
134.155 165.361
126.379 166.637
118.563 165.689
111.768 162.232
117.906 157.276
126.516 157.953
135.246 156.485
135.318 157.753
126.578 159.944
117.76 158.57
