89.2648 100.342
93.5723 93.9801
100.341 91.7035
107.586 92.808
113.883 96.1121
127.699 98.8504
130.214 95.8126
132.852 93.8373
136.036 94.0298
137.995 96.4063
122.634 109.354
126.756 115.439
131.075 121.137
135.36 126.639
124.589 139.392
128.205 139.394
131.838 139.083
133.637 138.281
135.18 137.329
94.4881 116.659
99.3654 111.935
105.392 111.168
109.504 114.872
106.001 116.598
100.511 117.09
125.57 112.388
129.296 109.5
132.784 109.312
134.364 112.791
132.758 113.684
129.413 113.8
118.648 163.801
122.679 155.583
127.646 149.817
134.216 148.281
137.276 148.515
137.804 153.443
135.166 159.404
136.338 162.717
137.125 167.375
134.015 171.686
127.48 171.703
122.186 168.32
126.552 154.548
132.657 151.913
135.63 152.685
135.783 163.244
133.221 165.935
127.48 165.714
