82.1945 100.152
89.4385 97.8727
97.3631 97.1048
105.452 98.4514
113.221 100.324
139.1 98.3097
145.891 96.4098
152.733 94.8204
159.664 94.3688
165.95 96.4283
128.074 109.263
129.191 119.183
130.112 128.802
130.774 138.225
117.805 140.372
122.761 143.094
128.389 144.01
133.583 142.663
137.576 139.52
96.2744 111.613
101.809 112.648
107.727 111.98
112.729 109.714
107.659 112.369
101.667 113.153
138.285 108.305
143.672 110.522
149.444 110.718
155.028 109.156
149.678 111.067
143.766 110.719
107.598 156.821
113.695 154.002
120.933 152.834
128.049 153.326
133.79 152.059
139.496 152.025
144.415 153.686
140.268 158.941
134.876 162.616
128.139 164.066
120.312 163.876
113.447 161.239
118.924 155.768
128.092 155.821
135.575 154.662
135.481 156.237
127.829 158.005
118.809 157.518
