82.913 103.134
89.9393 100.234
97.9336 98.9146
106.061 99.847
113.919 101.385
139.85 98.6735
146.373 96.3089
152.861 94.3006
159.374 93.6236
165.424 95.2294
129.109 110.508
130.584 120.062
131.808 129.452
132.854 138.809
120.242 141.959
125.04 144.241
130.612 144.756
135.288 143.436
138.705 140.484
98.1541 113.644
103.7 114.184
109.129 113.204
113.662 111.282
109.024 113.809
103.367 114.621
138.403 108.599
143.843 110.165
149.354 110.304
154.676 108.96
149.725 111.003
143.9 110.791
110.733 159.003
116.669 155.933
123.718 154.375
130.713 154.549
135.881 153.166
141.299 152.929
145.869 154.231
142.159 159.837
137.202 163.652
131.037 165.182
123.399 165.249
116.486 163.095
122.009 157.253
130.789 156.848
137.604 155.538
137.573 157.364
130.636 159.149
122.002 159.132
