84.6392 81.4698
90.97 83.1743
97.4151 85.4605
103.766 89.111
109.97 92.4164
146.623 100.312
155.332 102.011
163.597 104.411
171.659 107.279
178.32 111.837
126.362 107.411
123.912 118.341
121.453 128.917
119.017 139.217
107.458 137.347
111.153 141.764
116.774 145.067
123.877 145.665
130.36 143.8
91.4478 96.2998
97.5604 99.1256
104.092 101.226
110.252 102.153
103.72 103.058
96.5211 100.822
140.953 112.669
146.812 116.067
153.827 117.953
161.023 118.538
153.774 119.828
146.4 117.769
96.8689 149.281
102.926 149.714
109.109 151.542
115.081 154.297
122.477 155.822
129.107 157.7
135.818 160.871
127.953 163.637
120.306 165.371
111.993 164.657
105.051 161.029
100.528 155.729
105.965 154.052
114.156 157.999
123.813 159.531
123.766 159.934
114.047 158.384
105.495 154.353
