85.5493 102.121
90.7778 99.3726
96.9552 99.5528
103.267 101.551
109.233 103.527
138.597 104.176
143.776 102.077
148.963 100.053
154.712 98.1376
159.629 99.7992
124.892 114.219
125.428 122.962
125.715 130.975
126.118 139.126
116.61 143.818
120.359 144.868
124.736 145.226
128.609 144.313
131.734 142.548
93.2571 112.528
99.1836 109.96
105.444 109.951
109.864 114.065
104.179 115.289
98.3652 114.871
134.621 114.24
139.952 110.659
146.482 110.045
152.24 112.22
147.01 114.872
140.725 115.251
106.929 151.806
113.294 151.613
119.695 152.804
125.344 154.572
129.782 152.802
134.786 151.569
140.002 151.149
135.566 153.049
131.013 153.915
125.759 154.759
119.385 154.186
113.489 153.338
118.15 153.326
125.471 155.778
131.172 153.743
131.892 151.514
125.819 152.638
118.352 151.425
