85.1235 103.441
89.7528 99.6079
96.4217 99.4456
103.092 101.479
109.407 103.432
139.645 103.414
145.565 101.382
151.555 99.7652
157.577 98.4342
162.375 101.245
125.009 114.593
125.234 123.165
125.209 131.297
125.497 139.549
116.794 144.514
120.537 146.061
125.126 146.846
129.669 145.785
133.486 144.021
92.4419 111.849
98.5581 108.732
105.881 108.799
111.282 113.816
104.612 115.064
98.0326 114.69
135.57 114.335
141.195 110.062
148.632 108.905
155.225 111.423
149.381 114.752
142.272 115.415
105.45 152.241
112.215 151.918
118.826 152.933
124.779 154.84
130.13 153.89
136.02 153.798
142.218 154.331
136.144 154.936
130.68 155.414
124.551 155.656
118.083 154.252
112.385 153.282
116.704 153.141
124.926 155.698
132.03 154.111
132.484 153.15
124.814 153.19
116.62 151.954
