84.7503 100.533
91.0883 96.3532
99.109 95.9291
106.794 98.5139
114.114 101.064
139.564 101.111
144.837 99.0412
150.119 96.3122
155.996 94.2981
161.09 95.2441
126.268 112.342
126.923 121.532
127.447 130.323
127.727 139.19
117.084 142.731
121.664 144.592
126.236 145.051
130.2 144.034
133.821 141.66
93.932 111.59
99.8062 110.878
106.166 111.042
111.163 112.609
105.774 114.115
99.3392 114.067
137.082 111.48
142.833 109.414
149.459 109.094
154.867 110.895
149.769 112.855
143.065 112.855
107.353 159.445
113.156 156.98
119.663 155.894
125.817 155.979
129.798 153.871
133.214 152.953
136.059 153.109
132.967 158.119
129.897 162.63
124.446 165.813
117.792 166.091
112.374 163.765
118.083 157.724
125.271 157.647
130.491 155.108
130.129 159.193
124.551 162.209
117.852 161.941
