77.6634 98.0113
84.5411 94.4442
93.0717 94.4859
101.734 96.3645
110.169 98.7563
136.028 98.4683
145.012 95.9701
154.534 94.6583
163.767 95.0732
171.505 99.5377
122.214 109.368
121.947 120.003
121.607 130.494
121.281 141.064
112.308 143.216
116.724 145.814
122.374 146.877
129.073 145.823
135.008 143.451
91.6202 111.871
97.3643 113.198
103.269 112.22
109.01 109.375
103.69 112.362
97.3587 113.231
139.156 110.533
144.865 113.784
151.684 114.362
157.617 112.895
151.948 115.12
144.852 114.368
105.14 159.959
111.308 158.686
117.552 158
123.656 158.813
131.893 157.767
140.129 158.352
148.433 159.811
140.707 164.55
132.763 167.649
123.719 168.14
116.506 167.207
110.537 164.194
115.648 160.898
124.217 162.176
135.223 161.054
135.393 161.925
123.625 162.718
114.816 161.929
