75.8492 97.3487
82.8455 94.564
90.8443 95.1584
99.0937 96.4703
107.255 98.2998
131.816 96.9963
141.334 94.53
151.065 92.9276
160.514 92.6518
168.939 96.7016
120.103 109.614
120.21 120.808
120.265 131.531
120.471 142.413
111.31 143.398
115.991 146.784
122.064 148.201
129.456 146.378
135.541 142.698
91.0289 110.972
96.777 112.36
102.332 111.593
107.904 108.768
102.547 111.554
96.6752 112.341
136.538 108.963
142.481 112.177
148.953 112.427
155.087 109.783
149.407 112.596
142.542 112.157
104.498 160.079
111.025 158.746
117.652 157.895
124.167 158.978
132.816 157.016
141.642 157.035
150.332 157.854
142.072 163.276
133.753 167.424
124.229 168.568
116.79 167.879
110.497 164.515
115.702 161.011
124.801 162.403
136.395 160.165
136.215 161.313
124.025 162.987
114.947 162.058
