77.1276 99.9502
83.9284 96.666
92.1355 96.9211
100.558 98.0784
108.835 100.043
132.379 98.5232
141.768 95.8022
151.312 93.9199
160.673 93.7009
168.771 98.1431
120.667 110.579
120.957 122.087
121.311 133.209
121.936 144.28
112.49 144.235
117.371 147.255
123.429 148.476
130.632 146.752
136.671 143.129
92.2179 113.307
97.8591 114.639
103.534 113.901
109.128 110.664
103.741 113.745
97.7606 114.681
137.234 110.011
143.012 113.343
149.54 113.792
155.287 111.17
149.82 113.744
143.078 113.248
106.339 160.605
113.007 159.116
119.563 158.133
126.017 158.815
134.115 156.947
142.549 156.627
150.792 157.519
142.894 162.612
134.892 166.569
125.963 167.82
118.833 167.156
112.619 164.252
117.525 161.1
126.43 162.057
137.187 160.124
137.023 161.182
125.615 162.739
116.858 161.92
