82.2737 103.985
87.8159 99.6289
95.1603 99.0118
102.457 99.96
109.279 102.208
132.559 100.844
140.585 97.1882
149.102 95.1432
157.441 96.0162
163.601 100.813
121.169 112.985
121.514 120.89
121.988 128.848
122.578 136.748
117.574 142.193
120.802 143.277
124.79 143.63
129.305 142.665
132.936 141.029
92.1794 113.81
97.6941 110.582
104.597 110.128
110.3 112.835
104.553 115.563
97.6873 115.962
136.176 111.618
141.161 108.199
148.126 107.565
153.948 109.859
148.914 113.239
142.143 113.477
112.935 163.062
116.165 158.427
120.877 155.45
126.218 156.04
132.775 154.508
139.493 155.789
145.43 158.758
141.117 163.878
135.91 168.427
128.905 170.222
122.5 169.852
117.009 167.131
121.552 159.649
127.101 158.812
134.066 158.143
134.943 161.662
127.617 162.713
122.024 163.235
