85.673 100.202
91.6246 95.9698
99.1058 95.0787
106.212 96.9361
112.956 99.1119
137.873 101.946
143.392 100.031
149.459 98.311
155.896 98.5719
160.98 102.32
126.062 111.166
127.25 117.59
128.432 124.2
129.329 131.027
119.978 140.994
123.867 141.452
127.628 141.748
131.069 141.665
133.906 141.367
94.0381 112.103
100.197 108.249
106.816 108.621
111.512 113.124
106.077 114.896
99.5848 114.852
137.01 114.686
142.873 110.161
149.293 109.522
153.873 114.685
149.264 116.49
143.108 116.073
110.46 161.696
114.888 156.777
120.697 153.209
127.553 153.583
133.006 153.173
137.565 156.95
140.649 161.745
137.284 164.944
132.783 167.454
127.116 167.71
120.694 167.472
115.149 165.113
120.194 157.806
127.508 157.229
133.429 158.285
132.976 161.662
126.877 161.423
119.873 161.432
