85.2493 100.033
90.7749 96.0286
97.7791 95.2349
104.543 96.5849
110.801 98.6173
136.695 100.225
142.637 98.4017
148.842 97.0175
155.242 97.5499
159.916 101.329
125.026 110.662
126.251 116.875
127.56 123.258
128.603 129.676
119.626 139.95
123.271 140.345
126.942 140.667
130.514 140.549
133.478 140.377
93.5465 111.619
99.0864 108.927
105.237 109.099
110.597 112.197
105.003 114.258
98.7429 114.275
135.906 112.635
141.236 109.621
147.21 109.579
152.049 113.057
147.139 115
141.312 114.57
110.632 160.783
114.775 156.043
120.33 152.396
126.823 152.755
132.364 152.156
137.204 155.583
140.94 160.038
137.123 163.963
132.332 166.594
126.544 166.904
120.49 166.777
115.034 164.387
119.851 157.394
126.974 156.898
132.835 157.64
132.606 159.934
126.668 159.784
119.786 159.998
