84.8648 102.862
89.7663 98.3295
96.5773 96.7142
103.939 97.3954
110.586 99.7459
135.701 98.6095
142.975 96.0569
150.803 94.4751
158.618 95.5796
163.924 100.764
124.368 111.38
125.152 117.912
125.816 124.378
126.425 130.985
119.57 141.266
123.094 141.866
127.096 142.154
131.049 141.327
134.407 140.352
92.7091 113.722
97.939 110.33
104.471 110.603
110.969 113.32
104.482 115.966
97.6312 116.367
136.85 112.687
141.996 108.687
148.927 108.185
155.682 111.455
149.728 114.159
142.947 114.318
113.38 164.504
116.2 158.835
121.285 154.674
127.925 154.445
134.567 153.796
140.509 157.025
145.054 161.163
140.911 165.042
135.747 168.292
128.951 169.239
122.683 169.493
117.459 167.356
121.453 159.499
128.63 158.104
136.02 158.609
136.114 162.242
128.793 162.978
121.721 163.23
