81.9213 104.47
87.1477 99.1019
94.2285 97.1244
101.74 97.4446
108.778 99.5227
134.16 96.9918
141.671 93.4072
149.813 91.3391
158.055 92.4629
163.976 97.37
122.23 111.694
122.501 118.992
122.7 126.18
123.02 133.273
118.951 141.316
121.64 141.794
125.055 141.791
129.41 141.083
133.314 140.306
93.7264 114.558
98.7762 111.065
104.814 110.523
110.68 112.585
105.164 115.708
98.8725 116.154
137.859 110.35
142.321 107.084
148.781 106.049
154.703 108.384
149.621 111.075
143.325 111.662
113.813 164.617
116.181 158.766
120.869 154.417
127.254 154.363
134.323 153.038
140.868 155.782
145.945 159.983
141.806 164.532
136.48 168.478
129.63 170.001
123.267 170.354
117.725 168.219
121.469 159.546
128.243 157.848
136.084 157.729
136.152 162.433
128.528 163.847
121.801 164.375
