83.8915 102.523
89.7506 98.3092
97.0885 96.9935
104.406 97.5934
111.056 99.3965
135.954 100.004
142.531 97.756
149.75 96.3186
156.828 97.342
162.156 101.55
124.131 111.314
124.684 118.115
125.559 125.039
126.435 131.966
119.174 139.879
122.281 140.573
125.533 140.977
129.62 140.705
133.048 140.023
94.4743 112.844
100.155 110.039
106.56 109.517
112.285 112.147
106.658 114.388
100.18 114.514
136.805 112.44
142.252 109.706
148.613 109.198
154.223 111.676
149.161 113.917
142.826 113.826
111.235 161.904
114.965 156.753
120.431 153.055
126.867 152.966
132.991 152.245
138.436 155.18
142.86 159.709
139.026 163.814
134.293 167.134
127.815 167.8
121.44 167.655
115.95 165.231
120.355 157.648
127.359 156.769
134.341 157.128
134.289 160.577
127.369 161.038
120.589 161.286
