83.022 105.187
88.191 100.147
95.0384 98.3379
102.378 98.6772
109.08 100.805
132.954 98.6325
140.167 95.122
148.018 93.0511
155.877 93.9905
161.731 98.72
122.206 112.806
122.576 119.575
122.874 126.302
123.299 132.908
118.836 140.982
121.515 141.548
124.925 141.716
129.038 140.944
132.644 139.975
94.1514 115.494
98.9834 112.121
104.991 111.459
110.607 113.289
105.396 116.451
99.1755 116.998
137.187 111.1
141.365 108.31
147.446 107.468
153.19 109.545
148.364 112.069
142.384 112.421
113.293 163.259
115.739 157.81
120.336 153.47
126.712 153.346
133.487 152.139
139.758 154.932
145.039 158.767
140.915 163.046
135.759 166.78
129.213 168.297
122.919 168.588
117.376 166.574
121.365 158.356
127.653 156.867
134.898 156.638
135.213 161.063
128.223 162.349
121.793 162.735
