83.1603 102.188
88.8458 97.6094
96.1776 96.1976
103.467 97.1884
110.206 99.2781
134.967 100.384
141.216 98.3037
147.8 96.7389
154.475 97.3539
159.386 101.656
123.669 110.915
124.785 117.4
126.175 123.993
127.402 130.993
118.61 140.609
122.414 141.257
126.197 141.73
129.964 141.42
132.989 140.656
92.8295 112.674
98.6116 109.891
104.875 109.763
110.327 112.963
104.754 115.102
98.3305 115.097
136.046 113.197
141.648 110.033
147.93 109.776
153.23 112.809
148.353 115.073
142.032 114.704
109.109 162.713
113.646 157.462
119.549 153.543
126.468 153.345
132.531 152.663
137.655 156.053
141.546 160.926
137.713 164.898
132.908 167.959
126.745 168.817
120 168.453
114.013 166.238
119.371 158.287
126.657 157.414
133.261 157.888
132.997 161.313
126.32 162.057
119.071 162.339
