83.0905 96.3316
88.8896 91.5673
96.8615 90.4581
104.768 92.0103
112.438 93.7765
135.99 96.5117
140.826 95.5581
145.528 94.0351
150.346 94.44
154.369 97.0082
125.271 108.362
128.075 115.263
130.909 121.979
133.683 129.018
120.905 142.607
125.245 143.378
130.16 143.723
133.225 143.293
135.721 142.626
89.0937 111.584
95.6574 107.188
101.87 107.12
107.244 111.851
101.557 113.761
95.3292 113.718
134.151 112.676
139.726 108.351
145.685 107.811
149.908 113.236
145.671 114.441
139.92 114.103
110.101 165.788
115.994 160.065
122.941 156.152
131.029 156.12
136.335 155.734
140.62 159.311
142.657 165.152
139.762 169.314
135.208 172.125
130.136 172.641
122.431 172.231
115.621 169.719
121.897 161.095
130.961 160.064
136.108 161.116
135.737 165.498
130.552 165.651
121.903 165.773
