84.7871 98.5551
90.6464 93.0477
98.8245 91.3495
107.115 92.5879
115.507 94.0244
137.76 96.4552
142.834 95.4039
147.778 93.8218
152.8 94.3577
156.616 97.5132
127.837 108.623
130.652 115.482
133.633 122.167
136.494 129.381
123.532 143.569
127.826 144.517
132.627 144.828
135.595 144.562
138.05 143.927
91.6338 112.9
98.5051 108.165
104.942 107.609
110.202 112.523
104.724 115.033
98.1852 115.189
135.804 112.898
141.435 108.386
147.369 107.653
151.354 113.28
147.25 114.748
141.528 114.407
113.402 166.334
119.276 160.801
125.818 157.069
133.471 157.046
138.484 156.581
142.558 159.68
144.796 164.935
141.643 168.486
137.191 170.706
132.424 171.225
125.231 170.9
118.761 169.005
125.429 161.828
133.358 160.618
138.015 161.596
137.736 164.041
133.072 164.108
125.379 164.503
