84.0512 97.7193
90.4289 94.2119
98.2876 93.5708
106.095 95.9269
113.502 98.6339
138.999 100.789
146.161 98.813
153.833 97.421
161.523 97.8853
167.72 101.954
124.96 111.469
124.803 119.243
124.641 126.634
124.682 134.297
115.016 138.69
119.227 141.042
124.402 142.163
129.436 141.574
133.662 139.618
93.8054 110.104
99.4476 111.584
105.825 110.966
110.911 109.23
105.628 112.21
99.3391 112.447
139 111.46
144.734 114.243
151.301 114.803
156.76 114.356
151.238 116.228
144.636 115.284
106.381 157.512
111.478 154.224
117.701 152.074
123.981 152.92
130.391 152.204
136.429 154.485
141.962 157.754
137.272 163.269
130.971 166.678
123.419 167.504
116.228 166.225
110.527 162.521
116.773 155.642
123.576 156.101
131.164 156.259
131.081 159.887
123.297 160.859
116.391 159.41
