83.6379 106.54
88.4818 100.639
96.0705 98.2651
104.15 98.6044
111.937 99.0545
137.355 96.7448
141.977 94.4055
146.555 91.9027
151.631 90.6384
156.769 91.9923
126.552 111.62
128.838 118.712
131.006 125.672
133.148 132.96
123.175 144.156
127.377 144.513
131.507 144.405
134.992 143.406
137.829 141.339
92.9438 116.771
98.4588 111.934
104.803 110.987
110.066 115.112
105.006 117.819
98.7142 118.595
136.808 111.232
141.586 105.593
147.356 103.68
153.025 107.099
148.978 110.278
142.773 111.51
115.39 163.1
120.795 158.605
126.937 155.323
133.664 155.103
138.054 153.361
142.671 153.826
146.835 155.801
144.474 160.359
140.559 163.952
135.339 166.108
128.188 167.128
121.508 165.946
125.735 160.275
134.037 158.701
140.44 157.02
140.48 157.983
134.109 159.849
125.911 161.179
