81.5649 105.795
86.386 99.7058
94.061 97.1641
102.472 97.8275
110.572 98.5635
136.5 94.5934
142.379 92.2503
147.913 89.6869
153.835 88.7455
158.805 91.2974
125.561 110.446
127.829 118.623
130.062 126.865
132.205 135.116
121.9 143.852
126.12 144.536
130.316 144.483
134.32 143.311
137.49 140.999
94.3339 116.227
99.9504 113
106.228 111.877
111.163 113.308
106.443 117.496
99.8788 118.723
135.199 108.883
140.384 105.742
146.098 105.066
151.463 106.556
146.956 110.138
140.828 111.095
113.986 164.484
119.44 160.246
125.974 157.219
132.739 156.785
137.172 155.031
141.927 154.817
146.461 155.58
143.901 160.523
140.234 165.109
134.885 168.001
127.358 168.669
120.478 167.444
125.086 161.256
133.069 159.67
139.257 157.78
139.576 159.163
133.696 161.535
125.443 162.642
