80.5221 104.952
87.3786 101.205
95.599 100.509
103.879 101.212
112.129 102.326
131.404 98.2614
140.298 96.2562
148.997 94.8369
157.875 95.0485
165.449 99.2419
121.912 111.902
123.047 120.952
124.153 129.739
125.577 138.628
116.632 142.354
120.999 144.014
126.137 144.345
131.589 142.934
135.899 139.643
93.7697 116.322
98.9211 115.74
104.454 114.609
108.947 113.024
104.53 116.54
98.9783 117.646
136.846 110.217
142.498 111.069
148.454 111.16
152.996 110.04
148.037 112.367
142.232 112.436
110.704 159.095
115.799 156.54
121.502 155.011
127.35 155.372
134.4 153.402
141.596 152.361
148.229 152.902
144.003 160.397
138.097 166.554
129.468 169.745
121.702 168.9
115.261 164.737
120.542 157.654
127.683 157.921
136.907 155.22
138.452 160.362
128.677 164.28
120.701 163.296
