79.5693 104.565
86.0502 100.608
94.0752 99.7102
102.211 100.101
110.624 100.025
132.095 96.5263
140.804 94.7754
149.332 93.4638
157.978 93.8412
165.806 97.8204
121.914 111.37
123.106 120.589
124.349 129.321
125.837 138.349
116.03 142.593
120.66 144.14
125.916 144.38
131.591 142.679
135.91 139.095
92.665 115.788
97.8523 115.164
103.12 113.854
108.302 112.198
103.397 115.759
97.8311 116.945
136.609 109.505
142.082 110.516
147.789 110.684
152.201 109.289
147.531 111.847
141.949 111.807
108.938 158.667
114.347 156.398
120.532 154.715
126.768 155.097
133.86 153.25
141.084 152.073
147.604 152.137
143.053 159.725
137.04 165.967
128.417 169.456
120.382 168.458
113.986 164.059
119.102 157.687
126.899 157.885
136.127 155.085
137.366 160.115
127.699 164.395
119.317 162.757
