84.0375 106.708
89.2091 100.873
96.9346 97.9954
104.675 98.4779
112.173 99.2086
139.065 96.5965
144.633 94.0198
150.046 91.4009
155.963 90.6387
161.368 93.4779
127.37 111.584
128.905 119.919
130.449 128.413
132.011 136.99
122.306 144.055
127.095 145.77
132.261 145.779
136.486 144.006
139.999 140.97
93.2722 115.48
98.6553 110.433
105.633 109.67
111.617 113.184
106.36 116.73
99.5891 117.259
139.048 109.086
143.951 104.148
150.073 102.636
155.908 105.231
151.703 109.127
145.33 110.042
116.502 163.217
121.501 158.99
127.635 156.546
133.869 156.89
138.843 154.656
144.135 154.7
149.206 156.131
146.462 162.428
142.161 166.862
136.11 169.463
128.918 169.705
122.232 167.415
128.221 160.055
134.719 159.465
140.038 157.778
140.561 160.873
134.806 162.45
128.262 163.424
