79.8667 100.998
85.2608 96.9383
92.3438 95.343
99.366 95.7222
106.039 96.4637
137.51 92.1918
142.35 88.9305
147.259 85.8453
152.988 83.5658
158.675 84.7698
124.729 110.8
127.083 118.964
129.6 127.329
132.27 135.673
122.558 144.572
127.041 145.006
132.103 144.481
136.578 142.834
139.746 140.433
93.3288 118.927
98.6804 117.407
104.605 116.233
110.144 116.186
105.071 119.032
99.053 120.184
137.484 110.473
142.891 108.525
148.541 107.438
153.739 107.604
149.361 110.173
143.441 110.906
114.993 165.138
120.323 159.456
126.97 155.633
134.427 154.59
139.699 152.35
145.205 153.081
149.927 155.607
147.151 161.252
142.946 166.204
136.739 169.228
128.847 170.246
121.575 168.515
125.173 160.753
134.68 157.947
142.253 156.53
142.72 159.908
135.111 162.554
125.566 164.095
