78.9582 96.9456
85.3281 95.5586
92.5194 96.8681
99.8316 98.4759
106.679 100.684
133.863 98.7059
141.64 94.8057
150.14 91.8325
158.88 90.0083
166.866 90.9466
121.339 106.579
121.488 117.545
121.743 129.007
122.11 140.019
114.967 139.765
119.595 143.466
125.908 144.566
132.635 141.866
137.725 137.103
92.0779 106.56
96.5319 106.164
102.006 106.167
108.009 106.586
102.463 108.353
97.0437 108.74
139.372 104.109
144.902 103.36
150.848 102.658
156.941 101.496
151.246 104.797
145.191 105.312
114.164 152.781
118.798 151.399
124.065 151.013
129.432 151.357
136.456 149.05
143.635 147.357
151.075 146.523
146.397 153.918
140.315 159.481
132.03 162.496
124.79 161.86
118.848 158.38
124.016 153.529
130.266 153.851
138.719 150.727
139.135 152.614
130.46 155.686
123.902 155.56
