90.255 103.101
94.8728 99.6076
100.633 97.5328
106.657 97.3666
112.512 96.6078
138.887 93.1763
141.637 91.0921
144.074 88.6924
146.96 86.8731
150.137 86.5293
127.348 110.003
130.486 117.807
133.822 125.56
137.055 133.687
125.938 143.08
130.721 142.962
135.129 142.292
138.393 141.054
140.756 139.48
98.4044 120.096
103.384 117.531
107.789 116.165
112.018 116.526
108.238 118.929
103.365 120.012
134.859 109.882
139.133 107.166
143.043 105.344
146.851 105.765
144.008 108.138
139.577 109.516
117.302 163.463
122.987 158.237
129.164 154.101
136.01 152.531
139.633 150.69
143.427 150.583
145.189 152.576
145.332 159.06
142.42 164.151
137.357 167.528
129.98 169.254
122.653 167.796
125.906 159.023
135.377 155.859
141.031 153.773
142.283 158.392
136.417 162.011
126.747 163.884
