88.3255 102.941
92.4484 98.7484
97.9827 96.1152
104.051 95.5119
109.954 94.762
138.091 91.2873
140.86 89.6987
143.128 87.6734
145.83 86.4069
148.76 86.0527
126.247 109.512
129.18 116.621
132.378 123.839
135.521 131.474
124.312 141.312
129.098 141.102
133.619 140.453
136.777 139.189
139.174 137.821
96.4489 118.285
101.372 115.436
106.14 114.189
110.312 114.921
106.699 117.5
101.669 118.587
133.124 109.278
137.492 106.216
141.732 104.436
145.323 105.161
142.525 107.781
138.029 108.972
116.007 161.487
121.72 156.361
127.657 152.189
134.549 150.44
138.296 148.951
142.009 149.042
143.504 151.11
143.864 157.375
140.945 162.112
135.932 165.076
128.627 166.793
121.417 165.554
124.982 157.282
134.134 154.144
139.644 152.351
140.749 156.572
135.137 159.588
125.777 161.504
