84.3766 101.956
89.4483 97.3558
96.1705 94.7709
103.332 94.591
110.027 93.7826
141.075 89.3482
144.324 87.1953
147.052 84.6796
150.269 83.1501
153.49 82.8874
127.868 109.685
131.494 118.533
135.519 127.245
139.364 136.362
125.105 147.288
130.943 147.243
136.576 146.489
140.502 145.01
143.471 143.127
93.7753 120.256
99.4959 117.086
104.716 115.712
109.295 116.622
105.091 119.352
99.5595 120.601
135.669 109.219
140.202 105.809
144.765 103.55
148.913 104.427
145.941 107.399
140.978 108.858
115.759 170.392
122.45 164.505
129.538 159.843
137.361 158.161
141.475 156.209
145.721 155.873
147.39 158.097
147.653 165.761
144.591 171.706
138.75 175.545
130.398 177.466
122.03 175.578
126.363 165.491
136.697 161.984
142.819 159.925
143.904 164.639
137.668 168.321
127.389 170.568
