81.8824 103.891
88.7057 98.2996
96.7379 95.7624
105.144 96.7267
113.589 97.8901
132.269 98.2487
139.559 96.9303
146.925 95.7585
153.982 97.1275
159.994 101.187
124.144 106.558
124.871 112.205
125.418 117.579
126.003 122.99
116.968 138.011
121.626 138.029
126.244 137.915
129.919 137.767
133.803 137.51
91.8213 114.274
97.5231 110.201
103.771 109.909
108.863 113.242
103.65 114.681
97.7458 115.139
136.957 111.85
142.379 109.466
148.491 109.606
153.559 113.539
148.221 113.991
142.561 113.572
106.656 160.767
111.68 154.876
118.041 149.715
125.793 148.857
133.159 149.799
138.888 155.63
142.943 161.781
138.528 164.29
132.65 165.182
126.17 164.859
118.784 164.905
111.955 163.571
117.495 155.211
126.207 153.273
134.059 155.425
133.52 160.031
125.858 159.662
117.445 159.702
