86.7982 103.852
92.8494 99.6928
99.7149 98.3325
106.89 98.6147
114.161 100.118
127.411 97.8166
135.368 93.8839
143.504 91.6603
151.741 91.9161
160.235 93.3371
120.678 107.171
120.677 113.604
120.785 119.882
120.616 126.224
116.18 134.753
119.799 136.068
123.462 136.173
127.979 134.473
132.012 131.825
99.6436 113.082
103.116 110.576
107.568 109.785
111.688 110.189
108.144 111.814
104.092 112.707
136.416 105.502
140.31 104.419
144.966 103.736
149.749 104.12
145.244 105.335
140.578 105.973
115.05 155.285
116.257 149.748
119.833 145.731
124.704 144.644
130.282 143.792
135.624 146.115
140.339 149.987
137.213 155.253
132.197 158.773
126.318 160.332
121.769 160.904
117.688 158.893
120.01 149.616
125.026 147.374
132.218 147.466
132.715 153.802
125.749 155.663
120.966 155.761
