85.4968 101.546
91.6817 98.78
98.352 98.0643
105.098 98.3613
111.275 100.68
128.433 97.7613
136.656 93.8647
145.079 91.7991
153.959 91.9083
162.453 93.3616
120.261 108.901
119.938 116.111
119.751 122.866
119.266 129.719
116.571 138.57
119.786 139.719
123.331 139.822
128.401 138.057
132.643 135.391
98.3218 112.418
101.961 109.685
106.886 109.079
110.848 110.875
107.091 112.905
102.636 113.296
138.627 106.081
142.876 103.873
148.109 103.426
152.652 104.449
148.699 106.805
143.357 107.273
115.689 158.169
116.764 153.045
120.08 149.086
124.989 148.074
131.423 147.262
137.642 149.179
143.407 152.872
140.197 159.593
134.524 164.592
127.454 166.79
122.261 166.442
117.937 162.946
121.291 153.521
125.862 151.699
134.078 151.143
135.261 157.596
127.193 159.909
121.983 159.481
