80.242 104.487
86.3657 99.7271
93.9402 98.4162
101.574 99.1025
109.229 99.5289
133.925 99.184
140.77 97.3394
147.807 95.3662
155.298 95.4284
161.773 98.3233
123.263 109.761
123.824 116.841
124.249 123.738
124.683 130.685
117.693 140.7
121.167 140.578
124.849 140.438
128.606 140.019
132.17 139.398
91.8586 113.698
96.9634 110.434
103.023 109.904
108.515 112.193
103.219 114.993
97.279 115.693
136.794 110.309
142.081 107.299
148.238 107.052
153.317 109.881
148.274 112.715
142.298 112.577
107.881 161.079
113.192 156.003
118.927 152.6
125.362 152.795
131.713 152.188
137.64 155.037
142.452 159.226
137.602 160.427
131.998 161.297
125.819 161.419
119.548 161.645
113.472 161.384
117.589 156.95
125.495 156.169
133.196 156.36
133.314 157.31
125.593 157.325
117.487 157.959
