87.792 102.298
92.2279 97.2462
99.0816 96.3718
106.258 97.7249
113.204 99.6854
133.659 98.7349
141.467 95.4948
149.909 93.2475
158.153 94.0234
164.657 98.8244
123.476 109.653
122.642 115.604
121.682 121.8
120.673 127.868
114.189 138.674
117.42 139.285
121.263 139.455
126.109 139.088
130.494 138.687
93.1595 113.692
98.1327 108.781
104.609 108.578
109.986 111.659
104.497 114.75
98.6107 115.363
139.076 110.703
143.961 107.071
150.207 106.88
155.872 110.415
150.268 113.342
144.468 113.456
106.103 164.42
109.343 158.338
114.547 153.423
120.892 153.128
128.606 153.155
135.8 157.123
141.131 162.537
135.8 166.448
129.119 168.264
121.782 168.584
115.911 168.749
110.059 167.7
115.097 158.661
121.14 157.663
128.262 157.96
128.911 161.65
121.935 161.863
115.802 162.349
