87.4107 102.461
91.3316 97.7881
97.5667 97.3555
103.878 98.8084
110.029 100.72
133.334 99.6038
140.933 96.7433
148.939 94.4488
156.703 94.638
163.016 98.5397
122.73 110.949
122.115 116.725
121.332 122.662
120.559 128.572
113.901 139.567
117.532 140.516
121.563 140.835
126.467 140.209
130.789 139.521
92.4029 114.399
97.5448 109.781
104.008 109.607
109.685 112.427
103.941 115.469
97.8597 116.059
138.858 111.314
143.678 107.877
149.774 107.798
155.399 111.215
149.934 113.687
144.141 113.791
105.12 165.244
108.811 159.2
114.362 154.134
121.081 154.22
128.842 153.988
135.943 158.181
141.325 163.465
135.978 167.223
129.531 169.16
122.035 169.849
115.694 170.047
109.424 168.892
114.704 159.545
121.327 158.574
127.915 158.835
128.554 163.589
122.102 164.285
115.512 164.424
