87.2211 98.8396
92.5426 94.3687
99.9341 93.3844
107.563 95.6242
114.592 98.2917
137.112 99.4406
145.321 97.9669
154.194 97.3424
162.379 99.246
168.026 105.214
125.117 109.35
123.778 115.276
122.306 121.3
120.642 127.386
112.286 137.892
115.689 139.227
119.801 139.953
125.253 140.095
129.275 139.775
93.2062 109.941
99.1241 107.043
105.606 107.689
110.434 110.558
104.589 112.144
98.6462 111.912
139.576 113.488
145.365 111.604
151.643 112.184
156.598 115.479
150.824 117.127
145.079 116.352
100.999 165.194
104.404 158.265
110.457 153.778
117.569 154.356
125.951 155.391
132.666 160.42
137.412 167.592
131.834 171.251
124.935 173.232
116.974 173.33
110.394 172.465
104.395 169.908
109.979 159.916
117.221 159.753
125.126 160.794
125.223 166.781
117.43 166.494
110.456 165.883
