88.2633 97.8105
93.4117 92.6203
100.919 91.3296
108.604 93.2734
115.931 96.0258
139.726 98.511
147.638 97.4207
156.036 96.9677
163.534 98.8136
169.092 104.325
127.803 109.857
127.21 115.566
126.494 121.01
125.386 126.289
116.061 137.227
119.151 137.415
122.481 137.855
126.652 138.675
129.664 139.729
96.8137 111.605
101.856 111.683
107.38 111.755
112.374 110.994
107.1 112.318
101.783 112.36
141.214 113.976
145.765 115.828
150.541 117.792
154.967 119.205
150.073 118.482
145.292 116.769
99.3909 163.344
104.324 157.277
111.065 153.618
118.211 154.353
126.365 155.618
132.676 160.291
137.388 166.818
131.3 168.596
124.413 169.319
116.681 169.079
110.191 168.486
104.025 166.736
110.065 159.235
117.692 159.303
125.514 160.918
125.364 163.294
117.797 162.045
110.287 161.862
