88.4432 99.7088
93.4179 94.9209
100.66 93.9295
108.008 96.0242
115.098 98.6662
137.66 100.498
145.948 99.2444
154.558 98.7164
162.272 100.534
167.892 106.159
126.412 110.886
125.254 116.615
123.81 122.155
122.097 127.658
113.544 138.674
116.779 139.213
120.239 139.9
124.913 140.58
128.638 141.367
94.6838 112.599
100.083 112.372
106.118 112.701
111.437 112.385
105.924 113.69
100.174 113.519
140.356 115.014
145.201 116.496
150.199 118.192
155.058 119.596
149.889 119.316
144.798 117.815
97.7617 163.682
102.752 157.908
109.617 154.529
116.622 155.571
124.84 156.763
131.482 161.309
136.626 167.686
130.27 169.404
123.004 170.216
114.773 169.877
108.333 168.737
102.211 166.906
108.301 159.384
116.04 159.66
124.177 161.369
124.096 164.924
116.026 163.709
108.369 163.252
