87.8276 99.1242
93.0583 94.1083
100.676 92.9673
108.3 95.5417
115.303 98.7994
136.81 100.791
144.926 98.9548
153.765 98.0125
162.262 99.8911
168.196 106.13
125.064 109.727
123.485 116.038
121.709 122.368
119.888 128.611
112.456 138.255
115.877 139.745
119.622 140.613
124.876 140.952
128.724 140.563
94.0535 109.415
100.033 105.801
106.646 106.756
111.626 110.919
105.695 112.53
99.3719 111.87
140.807 114.137
146.486 111.095
152.61 111.876
157.6 116.121
151.907 117.809
146.053 117.121
99.8053 164.494
103.492 158
109.896 153.724
117.132 154.495
125.707 155.978
132.254 161.186
137.114 168.277
131.439 172.373
124.283 174.387
115.792 174.301
108.658 173.191
102.43 170.007
108.642 159.545
116.704 159.254
125.194 161.01
125.08 168.596
116.493 168.118
108.615 167.614
