86.3489 98.3615
92.0997 93.3373
100.13 92.3047
108.411 94.7568
115.935 97.7828
136.971 99.6517
145.43 97.649
154.772 96.9675
163.71 98.9225
169.877 105.386
125.264 109.199
123.764 115.515
122.055 121.783
120.377 128.048
112.816 138.176
116.015 139.46
119.561 140.066
124.756 140.471
128.509 140.26
93.1008 109.227
99.6252 105.788
106.486 106.69
111.283 111.131
105.134 112.548
98.6716 111.916
140.647 113.873
146.173 110.738
152.79 111.273
158.241 115.395
152.336 117.442
146.214 116.891
100.097 164.961
103.508 158.195
109.661 153.706
116.861 154.311
125.309 155.537
132.186 160.676
136.908 168.309
131.496 172.334
124.48 174.443
116.131 174.372
109.028 173.311
102.814 170.34
108.69 159.181
116.622 158.881
124.912 160.484
124.865 168.592
116.671 168.312
108.914 167.52
