89.4582 98.0426
94.9405 94.0805
101.907 94.4429
108.795 97.295
115.536 99.8722
136.787 103.525
145.245 102.17
154.094 101.409
162.201 103.429
167.726 109.209
124.324 111.676
122.312 117.613
120.094 123.635
118.192 129.73
110.295 139.204
113.516 141.072
117.378 142.271
122.604 142.61
127.186 142.501
93.9831 109.843
100.036 106.552
106.444 107.826
111.173 111.553
104.863 113.462
98.7638 112.924
140.239 116.167
146.13 113.621
152.587 114.765
157.948 118.967
151.499 120.837
145.469 119.673
97.8364 165.698
100.847 158.734
107.46 154.256
114.958 155.092
123.553 156.982
130.628 163.113
134.835 171.314
129.179 176.968
121.295 179.735
112.601 179.056
104.903 177.535
99.0205 172.707
106.806 159.48
114.63 159.766
123.259 162.238
122.411 173.512
113.298 172.638
105.53 170.915
