78.4543 106.641
85.7046 100.15
95.1622 97.6533
105.262 98.3477
115.193 100.817
134.86 100.441
142.309 96.9117
150.189 94.9738
157.869 95.631
162.869 100.222
127.502 107.795
129.766 114.79
131.868 121.736
133.982 128.697
119.699 141.222
124.823 141.705
131.007 141.835
136.042 141.216
139.555 140.348
88.9896 114.938
94.5574 111.627
100.562 110.925
106.706 113.204
101.169 115.665
95.0116 116.469
137.399 111.327
142.194 108.094
148.18 107.92
153.521 111.075
148.373 113.091
142.617 112.919
109.261 163.066
116.17 158.814
123.27 155.392
131.614 154.562
137.755 154.681
143.122 156.45
147.963 159.177
143.456 161.608
138.001 163.714
131.417 164.585
123.904 164.761
116.775 164.256
122.04 159.113
131.711 157.994
138.356 158.168
138.516 158.854
131.588 159.192
122.204 159.921
