82.4779 104.475
89.152 98.7689
98.0174 96.9956
107.283 98.4931
115.961 101.148
135.575 100.378
142.495 97.8444
149.742 96.5732
156.727 97.0016
162.046 100.931
127.196 107.47
128.704 113.741
129.836 120.067
130.769 126.594
118.072 138.54
123.009 139.686
128.823 140.358
133.479 139.641
136.987 138.865
90.4242 113.237
96.4345 109.864
102.887 109.696
109.01 111.983
102.83 114.04
96.5898 114.747
136.368 111.402
141.117 108.178
147.401 108.041
152.907 111.503
147.282 113.078
141.579 112.837
105.777 160.141
112.503 155.503
119.661 152.123
127.629 152.066
134.721 152.511
140.978 155.305
146.371 159.609
141.816 164.725
135.46 167.988
127.74 168.841
119.412 168.461
111.572 165.688
117.802 156.832
127.38 156.361
135.513 156.896
135.93 162.181
127.479 163.196
117.575 162.714
