80.5093 106.2
85.863 99.5246
94.2965 97.1214
103.337 97.7592
112.129 99.7679
133.571 97.4907
139.795 94.3398
146.481 92.3754
153.186 92.5898
157.689 96.4637
125.51 105.817
127.038 112.351
128.324 118.874
129.425 125.839
116.742 138.092
122.261 139.396
128.24 139.55
133.151 138.275
137.524 136.631
88.2072 113.976
93.6494 109.791
99.9403 109.279
106.358 111.096
100.856 113.707
94.6107 114.693
135.005 108.28
139.987 104.921
146.075 104.488
151.738 107.072
146.349 109.355
140.37 109.419
109.366 160.87
114.307 154.801
120.986 151.201
128.911 150.363
136 149.768
142.598 151.932
147.616 156.585
144.136 163.273
138.067 168.237
129.763 170.283
121.344 170.127
114.28 166.408
120.199 154.642
129.023 153.693
137.396 153.609
138.368 161.8
129.727 163.626
120.443 163.322
