79.3711 110.453
84.3833 104.423
91.8315 101.239
100.11 100.426
108.665 101.585
131.029 96.5796
138.6 92.8218
146.558 90.8111
154.629 91.6393
160.861 96.4777
122.892 109.034
123.301 113.597
123.773 118.236
124.319 122.986
113.705 136.333
119.081 137.728
125.245 137.505
130.917 135.673
135.857 133.347
88.5156 120.485
93.3667 115.6
99.6383 114.332
105.21 115.799
99.9891 118.587
94.3547 120.069
135.998 110.913
140.204 106.469
146.753 105.602
153.197 108.466
147.708 110.679
141.58 111.247
107.649 164.555
110.344 157.314
116.905 150.688
126.118 148.122
135.407 147.535
144.166 150.339
150.113 156.497
145.866 163.422
139.233 169.398
129.808 172.625
120.066 173.303
112.351 169.902
115.577 155.569
126.847 152.086
137.875 151.792
140.36 163.394
129.151 167.365
117.468 167.846
