77.4943 110.35
82.3493 103.68
89.8656 99.8645
98.6359 99.3562
107.322 100.689
129.957 95.9194
136.195 91.9079
143.251 89.5824
150.385 88.55
156.057 91.4065
121.84 106.183
123.107 112.484
123.985 118.673
124.635 125.067
116.159 137.619
120.991 137.885
126.228 137.461
130.931 135.954
134.428 134.233
86.583 118.231
91.3539 112.902
98.1207 111.473
104.794 113.078
99.2443 116.713
92.9027 118.563
134.03 108.068
137.934 103.459
144.784 102.079
151.152 105.057
146.013 108.179
139.708 109.237
108.273 162.427
112.727 156.524
119.21 151.349
127.329 149.357
135.132 148.532
142.644 150.381
148.468 154.521
144.287 159.858
137.774 164.189
129.86 166.753
121.832 168.272
114.173 166.643
118.732 155.371
127.689 152.645
135.864 152.306
136.815 158.645
128.845 160.827
120.069 161.848
