79.141 109.501
83.8994 103.016
91.675 99.9017
100.346 99.7389
108.834 100.791
129.998 95.549
136.833 91.553
144.055 88.6712
151.42 88.0167
157.686 90.8972
121.21 105.72
121.965 112.465
122.56 119.162
123.059 125.937
116.853 138.572
121.214 139.002
126.13 138.218
131.099 136.489
135.431 134.604
87.5118 117.127
92.6776 111.861
99.8369 110.426
106.67 112.634
100.501 116.157
93.9958 117.985
134.424 106.864
139.136 102.111
146.438 100.316
153.547 102.192
147.819 106.198
140.86 107.502
107.151 161.349
112.705 156.485
119.525 152.645
127.365 150.987
135.48 149.565
143.769 149.948
151.662 152.173
146.141 158.884
138.908 164.445
130.056 167.612
121.31 168.937
113.27 166.046
118.98 157.146
127.825 154.929
137.434 153.311
139.056 158.789
129.002 161.666
119.525 163.245
