79.3979 109.001
84.6878 103.593
92.5188 101.427
100.734 101.251
108.697 102.216
131.555 98.5174
137.025 94.8354
143.207 92.1934
149.559 90.1361
155.435 92.1003
122.109 107.288
123.481 114.777
124.883 122.259
126.142 130.052
119.158 141.438
123.241 141.721
127.55 141.436
132.339 139.638
135.75 137.353
88.3845 116.386
93.6676 111.481
100.725 110.263
107.168 112.848
101.229 116.284
94.7421 117.851
134.531 107.059
139.071 102.641
145.689 101.024
151.441 103.019
146.825 107.363
140.169 108.587
112.311 164.751
116.846 159.179
122.367 155.063
129.279 154.092
136.402 153.102
143.18 154.49
148.964 157.41
144.116 161.561
138.022 164.542
131.309 166.862
124.859 167.923
118.193 167.054
122.687 159.271
129.841 157.488
137.903 156.369
138.49 159.125
130.551 160.794
123.263 162.21
