80.4037 107.861
84.3589 101.403
91.314 98.31
98.9959 98.2103
106.64 99.6514
130.942 95.4624
139.358 91.8811
148.357 89.6398
156.96 91.0806
164.001 95.9666
119.487 106.675
118.434 112.419
117.461 118.438
116.467 124.505
111.842 138.689
115.303 138.523
119.542 138.133
124.606 137.37
129.375 136.938
89.7597 117.09
94.2291 112.076
100.754 111.179
107.362 113.039
101.637 116.245
95.6245 117.493
136.878 109.712
142.01 105.895
148.731 105.397
155.508 108.296
149.476 110.943
142.964 111.054
105.445 165.138
109.371 159.257
114.615 154.103
121.664 153.101
129.316 152.319
136.926 155.285
144.171 159.551
138.002 162.642
131.373 164.791
123.744 166.129
117.292 166.617
111.02 166.516
115.471 159.377
122.573 157.689
130.158 157.087
130.507 159.399
122.876 160.803
115.859 161.755
