81.6149 107.093
86.3276 100.348
93.6908 97.5951
101.884 98.2258
109.802 99.9727
132.249 96.9623
140.99 93.6061
150.112 91.586
158.808 92.8081
165.42 97.8931
121.687 108.422
121.034 114.788
120.377 121.047
119.599 127.459
113.252 139.11
117.016 139.993
121.428 140.065
126.541 139.348
131.053 138.469
90.6137 116.086
95.6619 110.953
102.328 110.57
108.691 113.22
102.889 116.279
96.6733 117.246
137.462 111.321
142.558 106.658
149.178 106.073
155.576 109.257
149.897 112.33
143.476 112.856
105.961 165.443
109.934 159.677
115.573 154.798
122.748 154.127
130.548 153.729
138.069 157.037
145.171 160.905
138.881 164.313
131.892 166.23
124.04 167.19
117.671 167.443
111.514 166.932
116.286 160.254
123.272 158.864
130.379 158.664
130.956 160.34
123.761 161.52
116.649 162.166
