83.9503 99.3962
90.4177 94.457
98.4152 93.5791
106.439 95.3424
114.023 98.4976
137.782 100.086
145.212 98.8118
152.846 98.2532
160.405 99.0478
165.826 103.92
127.391 109.412
127.137 115.762
126.709 122.07
126.342 128.188
115.233 138.868
119.462 140.168
123.985 141.146
128.949 141.325
132.586 141.025
91.6487 109.976
97.751 106.661
104.843 107.187
110.579 111.247
104.129 112.824
97.583 112.418
139.489 113.921
145.432 111.12
152.15 111.52
157.497 115.539
151.367 117.232
144.809 116.682
101.009 162.059
106.698 157.341
113.316 153.58
120.546 154.537
128.144 155.032
134.567 159.315
140.262 164.75
134.404 167.039
127.895 167.988
120.328 168.001
113.363 167.21
106.663 165.854
112.949 159.024
120.168 158.984
127.733 160.013
128.147 162.439
120.508 162.093
113.191 161.609
