83.802 98.7866
90.5544 93.8325
98.7705 92.4272
107.173 94.3304
115.217 97.6154
137.432 99.525
145.035 98.2021
152.846 97.9458
160.548 99.1693
166.016 104.639
127.412 109.023
126.983 115.12
126.508 121.146
125.965 127.073
114.827 138.925
118.964 140.24
123.564 141.246
128.531 141.527
132.27 141.203
91.0556 109.903
97.512 106.366
104.988 106.643
110.688 111.137
104.028 112.489
97.2417 112.071
138.813 114.214
144.967 111.204
152.3 111.575
157.866 115.938
151.255 117.481
144.392 116.773
99.8463 162.793
105.91 157.906
112.625 154.068
120.239 154.672
127.844 155.337
134.1 159.964
139.63 165.523
133.704 167.333
127.252 167.947
120.016 167.762
113.094 167.007
106.113 165.995
112.088 159.683
119.828 159.369
127.365 160.857
127.747 162.57
120.256 162.014
112.385 161.603
