83.4419 100.691
90.0537 95.041
98.5735 93.1488
107.43 94.8024
115.782 98.2186
138.256 99.9089
146.039 98.778
153.998 98.641
161.619 100.112
167.126 105.518
127.555 109.612
127.035 115.675
126.454 121.606
125.9 127.467
115.151 139.743
119.48 141.024
124.329 142.011
129.186 142.171
132.872 141.925
91.5001 110.309
97.5435 106.887
104.92 107.117
110.939 111.209
104.197 113.123
97.4813 112.919
139.637 114.241
145.46 111.805
152.606 112.145
158.366 116.146
151.722 118.037
144.966 117.335
100.558 163.587
106.51 158.803
113.347 154.873
121.001 155.678
128.31 156.265
134.451 160.777
139.923 166.308
134.09 167.886
127.803 168.544
120.644 168.496
113.763 167.609
106.917 166.459
112.948 160.246
120.534 160.19
127.575 161.344
127.825 162.898
120.716 162.502
113.128 162.013
