85.2874 93.6315
90.4795 87.585
98.2738 86.0796
106.359 87.9448
113.536 91.6726
140.256 95.4609
147.237 95.0081
154.457 95.1929
161.3 96.8644
166.015 102.245
127.786 107.179
127.716 113.759
127.524 119.969
127.37 126.062
116.011 137.018
119.958 138.321
124.527 139.279
129.345 139.752
133.213 139.38
93.8003 108.922
99.491 106.078
105.832 106.51
110.846 110.413
105.157 112.173
99.2277 111.629
139.818 113.207
145.653 110.784
151.675 111.77
156.308 115.37
150.721 117.142
144.843 116.167
103.194 160.16
108.175 154.571
114.868 151.285
121.952 152.298
129.071 152.881
134.834 156.893
139.409 162.662
134.002 163.957
128.162 164.544
121.665 164.098
115.363 163.562
108.861 162.985
114.863 156.688
121.351 156.925
127.79 158.294
128.268 159.723
121.701 158.945
114.949 158.654
