84.3091 96.0925
89.4827 89.7474
97.1436 87.805
105.362 89.6106
112.966 93.1652
138.575 96.9981
145.797 96.226
153.207 96.1464
160.162 97.9914
164.731 103.561
126.888 107.196
126.82 113.654
126.589 119.847
126.37 125.736
115.354 137.62
119.122 138.579
123.754 139.335
128.585 139.781
132.438 139.618
92.8627 109.62
98.6943 106.8
105.17 107.199
110.245 111.245
104.312 112.663
98.2331 112.055
138.142 113.989
144.298 111.343
150.777 112.223
155.672 116.07
149.726 117.539
143.565 116.674
102.431 160.519
107.279 155.249
113.853 151.841
120.961 152.67
128.02 153.031
133.833 156.998
138.589 163.046
133.018 163.762
127.343 163.737
120.934 163.34
114.763 162.805
108.515 162.601
113.867 157.169
120.632 157.13
127.168 158.412
127.602 159.396
121.045 158.541
114.256 158.304
