85.0833 96.9274
90.3346 90.3602
98.169 88.8117
106.487 90.8826
114.04 94.6217
138.63 98.333
145.99 97.4843
153.365 97.374
160.331 98.9849
164.945 104.611
127.61 108.582
127.742 115.008
127.752 121.053
127.634 126.725
116.208 138.489
119.92 139.217
124.374 139.938
128.931 140.476
132.499 140.517
93.1217 110.647
98.9183 107.481
105.48 107.929
110.409 112.01
104.517 113.524
98.5163 112.986
138.768 114.773
144.665 111.938
151.123 112.788
155.74 116.809
149.902 118.258
143.891 117.335
102.782 161.156
107.859 155.913
114.314 152.399
121.413 153.124
128.629 153.715
134.457 157.69
139.381 163.61
133.754 164.779
127.893 164.901
121.254 164.541
114.987 164.06
108.808 163.559
114.092 157.752
120.993 157.642
127.733 159.025
128.19 160.474
121.444 159.732
114.48 159.48
