84.0662 95.218
89.7508 89.2308
97.7282 87.5088
106.003 89.475
113.498 93.4031
139.069 97.7176
146.137 96.9038
153.437 97.2018
160.241 99.1899
164.768 104.888
127.276 107.835
127.398 113.949
127.367 119.867
127.207 125.677
115.468 137.586
119.119 138.8
123.579 139.885
128.292 140.488
131.962 140.576
91.6174 109.156
98.1914 106.264
105 106.773
109.97 110.826
103.928 112.039
97.588 111.511
138.121 114.453
144.411 112.02
151.114 112.962
155.908 117.077
149.866 118.31
143.649 117.253
101.125 160.6
106.462 155.508
113.108 152.121
119.947 153.207
126.996 153.84
132.508 157.986
136.972 163.941
131.697 164.729
126.186 164.932
119.97 164.413
113.553 163.929
106.979 163.331
112.753 157.681
119.544 157.921
125.977 159.162
126.269 160.241
119.959 159.358
113 159.072
