87.6057 93.8244
91.3636 88.1779
97.7588 85.6521
104.467 86.5421
111.009 89.1578
139.623 94.9773
145.904 94.8088
152.01 95.7235
157.628 98.6062
160.713 104.485
125.873 108.859
125.692 114.646
125.403 119.845
125.03 124.926
114.797 136.213
118.462 137.117
122.858 138.237
127.091 138.577
130.464 138.596
94.6016 110.047
99.6746 107.666
105.169 108.483
109.635 111.957
104.449 113.162
99.2204 112.596
136.433 115.304
141.881 113.221
147.399 114.297
151.638 118.021
146.664 119.453
141.108 118.235
101.004 156.792
106.222 152.48
113.103 149.616
120.336 150.434
126.957 151.11
132.291 154.893
136.182 160.252
131.136 161.419
125.422 161.765
119.411 161.268
113.13 160.723
106.497 159.716
112.661 154.054
120.165 154.403
125.845 155.629
125.517 157.855
119.63 156.791
112.588 156.506
