81.913 98.8581
88.2675 92.1101
97.392 89.8844
107.123 91.5878
116.369 95.5191
137.817 99.0701
145.991 97.9284
154.427 97.8084
162.184 99.9345
166.952 106.723
127.358 107.461
127.248 113.211
127.062 118.833
126.756 124.134
114.386 134.981
118.615 135.799
123.913 136.7
128.876 137.336
133.066 137.965
90.9341 109.24
96.9715 106.763
103.949 106.873
109.401 110.002
103.276 110.976
97.0435 110.525
138.148 113.561
144.509 111.929
151.276 113.141
156.396 117.161
150.028 117.752
143.589 116.531
97.8984 159.376
103.818 153.388
111.473 149.969
119.932 150.859
128.217 151.903
134.578 156.72
139.457 163.422
133.43 164.913
126.823 165.166
119.119 164.509
111.433 163.938
104.071 162.916
110.082 155.254
119.575 154.795
127.784 157.654
127.671 160.57
119.186 159.05
109.985 159.072
