84.2994 99.7733
90.7306 93.311
99.3828 90.6205
108.824 91.9796
118.028 95.5401
140.01 100.416
147.805 99.2677
155.822 99.0214
163.083 101.241
167.546 107.697
129.61 108.405
129.491 114.045
129.438 119.441
129.138 124.529
116.719 136.427
120.761 137.207
125.859 138.118
130.894 138.767
134.871 139.322
93.082 109.869
99.2744 107.239
105.976 107.481
111.407 110.933
105.289 111.831
99.2345 111.328
139.822 114.826
146.245 112.83
152.636 113.656
157.542 117.565
151.473 118.496
145.328 117.623
99.9184 160.885
105.756 155.092
113.295 151.542
121.52 151.949
129.561 152.984
135.533 157.811
139.969 164.456
134.221 165.59
127.947 165.545
120.842 164.875
113.38 164.447
106.163 163.779
112.288 157.082
121.247 156.546
128.851 158.944
128.895 161.057
121.157 159.862
112.466 159.925
