81.5052 97.5872
88.4817 91.963
97.2947 89.8927
106.828 91.6211
116.015 95.2799
138.003 98.8865
145.941 97.715
154.172 97.3901
161.87 99.0533
167.378 104.998
127.663 107.868
127.868 113.894
128.015 119.607
127.943 125.096
114.402 136.668
118.82 138.045
124.133 139.119
129.49 139.598
133.679 139.695
90.4825 108.357
96.7869 105.705
103.764 106.043
108.934 109.523
102.735 110.262
96.621 109.673
138.8 113.498
145.458 111.408
152.077 112.175
157.318 116.095
150.854 117.117
144.436 116.1
97.0358 160.533
103.664 154.778
111.62 151.181
120.261 151.757
128.56 152.711
134.962 157.77
139.729 164.297
133.94 166.732
127.364 167.771
119.702 167.398
111.437 166.505
103.572 164.734
110.139 157.059
119.975 156.834
128.433 159.072
128.448 162.467
119.94 161.469
110.17 161.014
