82.9833 99.3071
89.4179 93.2752
98.0667 90.9544
107.377 92.5376
116.493 95.816
139.728 99.517
147.351 98.5051
155.143 98.2845
162.404 100.126
167.223 106.115
127.957 107.527
128.046 113.625
128.012 119.363
127.598 124.81
115.445 136.237
119.357 137.213
124.406 138.313
129.46 138.858
133.422 139.313
91.5325 109.161
97.5962 106.541
104.423 106.761
109.521 110.247
103.459 111.137
97.5358 110.577
139.694 113.768
145.858 111.74
152.443 112.452
157.264 116.272
151.229 117.714
145.07 116.738
97.2125 160.048
104.008 154.409
111.967 150.842
120.583 151.319
129.145 152.592
135.576 157.676
140.343 164.507
134.503 166.561
127.664 167.128
119.816 166.637
111.676 165.727
103.898 164.119
110.516 156.704
120.22 156.127
128.924 158.773
128.787 161.889
119.909 160.988
110.525 160.523
