84.9833 99.551
91.4936 93.9042
100.096 92.1591
109.247 93.8032
118.086 97.0437
139.632 101.37
146.847 100.395
154.365 100.514
161.501 101.91
166.059 107.573
129.097 109.482
129.289 114.959
129.367 120.3
129.153 125.42
116.446 135.922
120.446 136.829
125.443 137.779
130.261 138.4
133.971 138.87
93.2197 109.987
99.3222 107.444
106.22 107.98
111.31 111.458
105.383 112.363
99.1992 111.831
139.297 115.058
145.403 113.172
151.942 114.031
156.684 117.933
150.672 118.982
144.558 117.924
99.1761 158.471
105.545 153.115
113.185 149.928
121.354 150.602
129.448 151.615
135.471 156.417
140.015 162.923
134.217 164.734
127.915 165.195
120.585 164.751
112.799 163.887
105.49 162.39
111.551 155.441
120.984 155.301
128.741 157.55
128.558 160.344
120.69 159.31
111.589 158.933
