82.436 98.1888
89.2313 92.5612
97.9608 90.6946
107.439 92.5582
116.533 95.9063
138.216 99.6016
145.499 98.0807
153.248 97.8755
160.64 99.241
165.523 104.733
127.31 107.171
127.495 113.245
127.337 118.985
126.885 124.853
113.223 135.391
118.335 136.804
124.048 137.773
129.486 138.185
133.868 137.959
90.2618 109.179
96.6175 106.156
103.791 106.527
109.42 110.108
103.093 111.292
96.6361 110.919
138.14 113.424
144.344 111.463
151.027 112.162
156.105 116.084
149.887 117.192
143.607 116.119
97.9338 158.631
104.388 153.228
112.26 149.586
120.936 149.787
129.509 150.986
136.209 155.63
141.06 161.75
135.122 164.25
128.415 165.85
120.232 165.853
112.09 165.156
104.366 163.167
110.837 154.065
120.722 153.389
129.447 155.824
129.048 160.764
120.312 160.161
111.052 159.955
