86.4751 109.467
89.0735 105.334
93.6445 103.655
98.5831 102.995
103.462 103.935
127.554 98.8074
134.996 94.7551
143.234 91.6323
151.577 91.5
159.185 94.8214
117.154 111.306
115.996 116.936
114.592 122.735
113.209 128.837
112.481 141.902
116.291 141.761
120.829 140.654
125.693 139.139
130.915 137.469
94.3107 122.99
97.2032 117.196
103.299 115.558
109.801 117.426
104.805 121.416
99.0944 123.209
135.622 112.075
139.792 107.013
146.482 105.786
154.496 108.118
148.407 111.532
141.98 112.618
110.384 165.572
111.795 159.183
116.467 153.541
123.318 151.172
131.279 150.381
139.659 152.173
146.975 156.136
141.35 160.415
135.036 163.793
127.847 166.041
121.564 167.604
115.184 167.441
116.904 158.72
124.804 155.344
134.706 154.183
135.547 159.624
126.572 162.32
118.72 164.068
