85.7736 110.31
88.1937 105.702
93.0982 103.863
98.3625 102.874
103.879 103.06
129.574 97.757
137.439 93.9694
145.995 91.0501
154.417 91.0226
161.862 94.5626
118.58 110.619
117.635 116.81
116.575 123.044
115.639 129.508
113.896 143.301
117.796 142.884
122.438 141.956
127.272 140.424
132.429 138.996
93.5902 122.911
96.7356 117.095
103.054 115.603
109.807 117.195
104.633 121.378
98.7759 123.07
136.555 111.108
141.232 105.873
148.514 104.85
156.528 107.598
150.315 111.134
143.283 112.032
112.65 169.219
113.698 162.207
118.608 156.172
125.595 153.962
134.024 153.211
142.587 155.324
149.79 159.399
144.375 164.42
137.811 168.5
129.987 171.184
123.494 172.634
117.155 171.845
118.802 161.989
126.806 159.182
137.255 157.862
138.232 163.526
128.639 166.49
120.805 168.179
