83.3711 108.734
86.0219 103.974
91.168 102.128
96.549 101.287
102.315 101.438
130.298 96.277
137.921 92.716
146.38 89.6095
154.872 89.5387
162.195 93.2967
116.943 108.995
115.909 115.435
114.478 121.666
112.963 128.294
111.918 142.395
115.639 141.856
120.162 141.1
125.481 139.532
130.775 138.4
91.138 120.389
94.4372 114.67
101.449 113.433
108.731 115.237
102.797 119.279
96.3643 120.944
135.993 110.178
141.047 105.046
148.435 104.039
157.127 106.783
150.387 110.391
142.998 111.417
108.426 165.603
111.339 160.001
116.542 155.527
123.187 153.954
131.298 153.139
139.519 154.391
147.194 156.916
140.391 159.453
133.418 161.99
125.399 163.951
119.535 165.101
113.806 165.654
117.05 160.545
124.311 158.323
132.654 157.217
132.816 157.925
124.468 159.282
117.412 161.284
