79.8612 104.227
83.8078 97.5675
91.2741 95.6425
98.9694 96.0662
106.547 98.2932
133.573 95.2233
142.281 91.0945
151.515 88.5155
160.464 89.6851
166.534 95.5578
120.178 107.98
119.773 114.679
119.297 121.622
118.971 128.764
112.934 140.95
116.796 141.441
121.316 141.412
126.959 140.217
131.984 138.865
89.7281 117.504
95.0257 114.483
101.289 113.334
106.507 112.793
100.978 115.677
95.3524 117.111
139.236 109.701
144.905 108.769
151.253 108.433
157.185 109.134
151.218 110.771
144.992 110.868
104.238 165.326
109.776 159.61
115.977 155.371
123.435 155.236
131.55 154.098
139.857 156.379
147.083 160.11
139.713 162.418
132.588 164.53
124.173 165.799
117.187 165.754
110.429 165.679
115.6 160.104
123.616 159.276
132.433 158.597
132.556 159.399
123.713 160.268
115.613 161.115
