81.4201 99.0123
86.4109 92.3957
94.4374 90.6709
102.585 92.0615
110.08 95.2469
137.679 96.7704
145.891 95.6106
153.906 95.0516
161.645 96.1083
167.03 101.365
125.104 109.874
124.657 117.236
123.991 124.256
123.282 131.245
112.893 140.252
117.296 142.504
122.43 143.522
128.218 143.201
132.69 141.844
89.8709 111.928
95.7344 107.787
102.991 107.816
108.902 111.87
102.636 114.183
96.0062 114.422
139.374 113.767
145.26 110.012
152.317 109.9
158.152 113.309
152.071 115.883
145.255 115.84
101.291 162.423
106.97 158.286
113.632 155.392
120.86 156.064
128.897 156.536
136.009 159.834
142.274 163.683
135.406 165.565
128.23 166.557
120.51 166.601
113.582 166.086
107.319 164.789
113.405 159.935
120.305 159.747
128.225 160.679
128.774 161.419
120.766 160.867
113.709 160.809
