84.6561 93.7566
89.4112 87.474
97.1021 86.1871
105.216 88.5519
112.371 92.7783
141.354 97.8713
148.141 97.5415
154.556 97.6646
160.575 99.5068
164.329 104.572
126.752 110.302
126.425 117.282
125.89 123.905
125.377 130.299
113.462 138.73
117.603 140.671
122.31 142.286
127.486 142.423
131.485 141.557
91.4842 109.321
97.4655 106.436
104.683 107.06
109.57 111.368
103.53 113.237
96.9167 112.578
138.124 115.322
144.387 113.205
151.359 114
156.398 117.572
150.213 119.582
143.638 118.521
98.884 158.324
104.903 154.553
112.115 152.62
119.374 154.082
126.443 154.635
132.711 157.675
138.023 162.274
131.658 163.421
125.36 163.955
118.509 163.61
111.776 162.539
105.078 161.295
111.857 156.729
118.912 157.315
126.228 158.76
126.439 159.473
118.989 158.247
111.862 157.682
