82.5409 92.1606
87.4804 85.7359
95.0772 82.6358
103.116 83.611
110.841 87.3415
143.076 93.0699
149.558 92.7612
156.25 94.1225
162.453 97.7693
165.788 104.242
126.018 107.537
125.051 115.09
123.766 122.11
122.49 129.256
111.08 136.63
116.108 139.634
121.79 141.52
127.547 141.157
132.312 139.476
90.2995 109.259
96.4285 105.855
102.76 106.846
107.808 111.091
102.115 112.199
96.1311 111.79
139.399 115.275
144.661 112.625
150.536 113.597
155.447 117.428
150.203 118.663
144.366 117.769
95.4196 156.189
102.756 152.735
111.083 151.576
119.703 152.778
127.566 153.882
135.418 156.187
142.283 160.523
136.582 165.483
128.378 168.676
119.198 168.789
109.784 166.739
101.603 162.661
109.8 153.983
119.899 155.4
128.301 157.183
128.773 162.899
119.766 162.74
109.301 160.686
