82.6289 93.4878
87.7939 87.6981
95.2182 85.7379
103.278 87.1261
111.181 90.7944
142.394 96.1664
149.143 96.0689
156.017 97.6199
162.291 100.895
165.468 106.7
126.016 109.038
125.5 116.251
124.599 122.8
123.422 129.696
111.633 137.239
116.471 139.912
121.97 141.921
127.788 141.68
132.754 140.028
90.031 109.103
96.4633 106.286
103 107.061
107.947 111.571
101.882 112.498
95.5436 111.759
138.555 115.823
144.421 113.125
150.856 114.094
155.721 118.057
149.973 119.103
144.039 118.048
95.6475 156.926
102.817 152.74
110.904 151.02
119.399 152.139
127.68 153.295
135.445 156.602
141.568 161.847
136.024 167.977
127.585 171.749
117.61 172.018
107.954 169.896
100.354 164.643
108.086 153.573
119.062 154.558
129.161 157.374
129.38 166.235
118.097 166.708
106.519 163.86
