82.7099 97.8421
89.3399 92.3837
97.7822 90.7539
106.611 92.2471
114.973 95.7591
140.031 97.8537
146.907 96.801
154.009 96.382
160.882 97.4305
165.779 102.344
127.904 108.675
128.172 115.189
128.413 121.191
128.484 127.187
114.984 137.714
119.457 139.308
124.65 140.405
130.06 140.504
134.032 139.905
91.0054 109.805
97.3396 107.517
104.4 107.559
109.456 110.889
103.679 112.498
97.0882 111.988
138.662 113.28
144.686 111.771
151.17 112.232
156.093 115.477
150.344 117.319
144.03 116.37
98.7465 161.479
105.314 156.145
113.087 152.694
121.352 153.702
129.314 154.284
136.061 158.074
141.247 164.191
135.175 165.931
128.76 167.018
121.053 167.127
113.08 166.452
105.496 164.914
112.557 157.966
120.748 157.802
128.517 159.016
128.769 161.851
121.418 161.463
112.969 161.22
