83.6516 101.176
88.8161 94.9455
96.5545 93.1188
105.157 94.2362
113.019 97.4257
135.777 96.462
144.669 93.1524
154.145 91.435
162.997 92.6608
169.696 98.1731
124.438 107.265
123.268 113.85
122.037 120.412
120.542 126.796
111.951 138.18
116.04 139.71
120.799 140.198
126.594 139.907
131.329 139.096
91.9784 113.927
97.1952 112.452
102.991 111.945
108.774 111.598
102.822 112.813
97.1681 113.453
140.973 111.277
146.312 111.49
152.064 111.915
157.77 113.417
152.11 113.414
146.242 112.678
100.41 167.162
104.829 159.863
111.776 154.41
120.045 153.928
129.69 154.974
137.882 160.07
144.435 166.686
137.194 170.711
129.161 173.452
119.697 173.776
112.06 173.237
105.378 170.883
110.643 160.077
120.035 158.214
130.167 159.856
130.2 166.97
120.368 167.278
111.274 167.401
