84.021 103.586
89.2363 97.1598
97.1613 94.9532
105.733 96.147
113.73 98.3039
135.335 97.6759
144.372 95.1841
153.844 93.9195
162.765 95.3302
169.201 100.84
125.002 108.625
124.146 114.402
123.163 120.149
121.934 125.718
113.74 137.571
117.694 138.87
122.169 139.095
127.641 139.172
132.121 138.639
91.268 113.024
97.0809 108.633
104.173 108.552
110.175 111.88
103.914 114.603
97.1815 115.028
140.222 112.265
145.537 108.506
152.557 108.42
158.404 112.215
152.517 114.867
145.89 114.6
103.475 165.407
107.377 158.617
113.72 153.063
121.668 152.59
130.346 153.451
137.793 158.25
143.857 164.649
137.345 167.972
130.343 170.19
121.859 170.802
114.689 170.728
108.314 168.936
113.685 158.918
121.417 157.31
129.811 158.42
130.3 163.625
122.083 163.673
114.526 163.98
