85.056 100.719
90.5833 95.1408
98.7396 93.703
106.999 95.6802
114.582 98.2308
136.562 98.5704
145.151 96.1526
154.676 95.2181
163.309 97.1681
169.481 102.711
124.596 109.324
123.35 114.674
121.882 119.731
120.141 124.712
112.295 137.553
115.666 138.412
119.712 138.63
124.795 138.966
128.948 138.992
90.984 111.666
96.7085 107.142
103.799 107.567
109.174 111.641
102.999 113.882
96.54 113.661
141.159 113.504
146.65 109.787
153.842 110.167
159.693 114.503
153.305 116.421
146.662 115.868
97.8904 166.739
101.801 159.097
109.102 153.07
118.105 152.353
128.404 154.366
136.878 160.452
142.957 168.466
137.151 175.215
128.65 179.733
118.048 181.077
108.338 179.934
101.167 174.638
107.537 158.111
118.243 155.788
129.597 158.98
129.95 173.661
118.37 175.138
107.776 173.802
