83.9478 100.938
90.6011 95.3086
99.2443 94.3349
108.013 95.9466
116.288 98.7149
138.202 100.178
145.958 98.3934
154.167 97.555
162.059 98.5838
167.875 103.62
127.657 110.582
127.537 116.847
127.019 122.814
126.524 128.704
113.386 137.387
118.003 139.598
123.494 140.459
129.285 140.672
133.643 140
90.6721 111.074
97.4901 107.775
104.886 107.947
110.17 111.719
103.984 113.689
97.2468 113.381
139.634 114.239
145.675 111.391
152.547 111.342
157.835 115.276
151.891 117.297
145.515 116.747
97.0276 160.952
103.946 156.167
111.952 152.49
120.866 152.649
129.399 153.493
136.49 158.061
142.159 164.281
136.463 167.687
129.256 169.52
120.85 170.007
111.778 169.331
103.691 166.142
110.863 156.703
120.453 155.863
128.807 157.41
129.026 163.978
121.218 163.796
111.635 163.32
