83.4036 99.0012
90.0693 93.7492
98.652 92.8346
107.307 94.9671
115.682 97.933
139.204 100.636
146.614 99.2331
154.128 98.7584
161.428 99.9253
166.366 105.258
127.842 108.414
127.479 114.92
127.067 121.176
126.564 127.255
113.181 137.273
117.776 138.96
122.977 140.124
128.109 140.51
132.09 140.21
88.6603 109.227
95.522 105.868
103.23 106.113
109.212 110.113
102.589 111.652
95.3697 111.454
138.42 113.767
144.601 111.185
151.79 111.516
157.572 115.667
151.168 117.375
144.188 116.438
96.3618 160.371
103.504 156.511
111.263 153.578
119.474 154.268
127.021 154.913
133.394 158.986
139.461 164.073
133.754 167.971
127.209 170.362
119.266 170.624
110.576 169.229
102.884 165.821
109.768 158.359
119.18 158.242
127.068 159.627
127.369 163.86
119.622 163.58
110.014 162.544
