84.4814 99.7841
91.0021 94.3461
99.4699 93.3383
108.168 95.3317
116.545 98.4715
140.054 101.025
147.754 99.5645
155.51 99.1661
163.091 100.57
168.331 106.462
128.673 109.444
128.344 116.087
128.018 122.465
127.559 128.682
114.147 138.32
118.888 140.246
124.357 141.205
129.527 141.545
133.776 141.069
90.1781 109.817
96.8429 106.339
104.652 106.579
110.49 110.872
103.875 112.597
96.5849 112.298
140.075 114.421
145.811 111.627
152.993 112.076
158.72 116.25
152.514 118.088
145.516 117.248
97.6474 161.964
104.391 157.825
112.216 154.764
120.568 155.583
128.325 156.281
135.022 160.668
141.741 165.934
135.427 169.176
128.57 171.275
120.331 171.656
111.625 170.169
103.936 166.983
110.746 159.747
120.265 159.501
128.545 161.191
128.929 165.085
120.888 164.981
111.353 163.974
