85.1967 99.3622
91.9438 94.3168
100.466 93.755
109.017 95.887
117.076 99.1985
139.245 102.093
146.297 100.445
153.744 99.8829
161.168 101.067
166.45 106.248
128.42 109.37
128.397 115.82
128.38 121.923
128.213 127.875
115.153 137.428
119.535 139.097
124.496 140.018
129.569 140.236
133.561 139.729
91.1194 109.574
97.6144 106.643
104.997 107.093
110.522 110.759
104.228 112.229
97.2856 111.908
139.242 114.485
144.808 111.955
151.583 112.435
156.825 116.377
150.907 117.714
144.455 116.932
98.2512 159.993
105.339 155.699
113.324 153.131
121.42 154.122
128.914 154.354
135.342 157.977
141.329 162.873
135.461 166.409
128.779 168.531
120.717 169.097
112.363 167.776
104.665 164.938
111.02 157.42
120.925 157.388
129.346 158.627
129.435 162.214
121.142 162.063
111.433 161.273
