82.5189 100.248
89.1959 94.5914
97.9672 93.4434
106.854 95.3809
115.27 98.723
139.34 100.559
147.403 99.1215
155.737 98.99
163.632 100.46
169.145 106.276
127.451 109.218
126.982 115.944
126.428 122.458
125.76 128.901
112.425 139.319
117.564 141.059
123.055 141.994
128.656 142.141
133.269 141.742
88.304 110.334
95.3468 106.748
103.427 107.062
109.634 111.729
102.595 113.31
95.0302 112.94
139.898 115.055
146.169 111.888
153.76 112.298
160.05 116.687
153.186 118.571
145.824 117.82
95.9603 162.903
103.014 158.819
110.975 155.728
119.591 156.485
127.561 156.958
134.783 161.095
141.585 166.601
135.205 169.482
128.042 171.444
119.639 171.959
110.797 170.829
102.881 167.773
109.636 160.551
119.197 160.207
127.757 161.588
128.422 165.042
120.029 165.249
110.241 164.328
