83.3026 99.3288
90.0994 93.7272
99.0965 92.7469
107.987 94.9281
116.427 98.3438
138.758 99.9893
146.991 98.8325
155.554 98.451
163.672 100.115
169.271 106.024
128.061 108.839
127.611 115.497
127.049 121.887
126.318 128.146
113.705 137.93
118.622 139.56
123.881 140.569
129.443 140.797
133.829 140.403
90.2082 109.185
97.1705 105.89
104.902 106.297
110.474 110.713
104.037 111.937
96.869 111.642
140.333 114.375
146.422 111.382
153.491 111.891
159.28 115.939
152.798 117.648
145.973 116.862
97.5177 160.789
104.438 156.541
112.134 153.719
120.362 154.949
128.008 155.374
134.935 159.12
141.294 164.567
135.259 167.57
128.182 169.151
119.88 169.522
111.533 168.354
103.758 165.568
111.177 158.702
119.754 158.793
127.662 160.114
128.064 162.936
120.266 162.864
111.727 162.046
