98.7179 100.384
102.535 96.8097
107.831 96.8161
112.856 98.9109
117.515 101.719
137.991 104.019
146.135 103.523
154.494 103.567
161.86 107.116
166.968 113.712
124.215 111.659
121.522 117.258
118.811 122.812
116.143 128.541
111.947 136.241
114.579 137.948
117.961 139.343
122.721 139.634
127.095 139.078
102.181 111.59
106.286 109.215
111.575 110.064
116.22 112.702
111.092 114.431
105.979 113.801
138.576 116.667
143.634 115.299
149.081 116.369
154.281 119.761
148.635 120.278
143.136 119.398
103.355 153.86
107.348 150.756
111.779 148.46
116.432 149.184
122.949 150.068
129.151 153.369
134.911 157.601
128.738 159.318
121.983 159.648
115.255 159.007
110.794 158.051
106.478 156.836
109.552 152.064
115.954 152.427
125.071 154.1
124.687 155.674
115.898 154.509
109.492 153.564
