92.9539 107.096
96.7139 105.051
100.547 104.003
104.169 104.364
107.798 105.594
127.996 98.8078
135.382 95.2302
143.057 93.363
151.012 94.4754
159.205 97.3048
114.075 112.9
110.51 120.284
106.834 127.167
103.092 133.969
107.357 144.206
110.003 146.248
113.896 146.56
119.104 145.443
124.26 143.413
99.7365 120.848
101.733 117.361
105.923 116.429
110.74 116.859
107.646 120.112
103.766 121.376
134.255 112.761
138.137 109.257
144.131 109.029
149.751 110.951
145.013 113.231
139.331 114.1
110.788 167.278
110.114 163.429
112.047 159.796
116.55 158.568
123.791 156.677
131.385 159.059
138.198 162.897
133.031 167.023
126.71 170.444
119.912 172.752
115.482 173.072
111.699 171.332
112.636 164.126
117.445 161.93
127.248 160.989
127.586 164.359
118.271 166.796
113.584 167.008
