100.562 98.4667
105.282 99.0972
109.491 100.045
113.029 101.44
116.376 103.409
133.482 100.374
141.351 97.8168
149.567 96.4678
157.754 98.3547
165.355 102.121
121.903 110.855
118.605 117.877
115.288 124.613
112.146 131.248
110.633 141.855
113.605 143.478
117.201 144.245
122.509 143.961
127.858 143.171
104.314 115.219
106.457 111.553
111.756 111.805
116.916 114.402
112.361 116.95
107.706 117.467
138.88 114.111
143.308 110.714
149.16 111.146
155.783 114.446
149.699 116.793
143.505 116.734
110.371 163.201
111.339 159.186
114.53 156.299
118.943 156.428
126.24 156.162
133.301 159.106
139.913 163.416
134.163 167.708
127.148 169.846
119.988 170.305
115.675 170.034
111.57 167.359
114.925 161.059
119.379 160.22
128.413 160.689
128.046 163.877
118.978 164.367
114.625 163.987
