104.082 100.931
108.039 100.577
111.465 101.099
114.549 102.233
117.469 104.052
133.994 102.107
141.439 100.328
148.834 99.9418
155.382 102.778
161.793 105.976
122.039 109.961
117.838 115.861
113.529 121.732
109.368 127.875
108.844 139.502
111.042 141.465
114.121 142.428
118.482 142.376
123.148 141.454
108.488 114.545
110.073 112.402
113.261 112.652
116.486 114.174
113.503 116.811
110.311 117.166
137.79 115.062
141.061 112.858
145.232 113.927
149.655 116.623
145.193 118.111
140.643 117.576
107.029 159.76
107.596 155.026
110.364 151.248
114.548 151.657
122.308 151.854
129.045 156.35
135.133 161.633
128.991 166.404
121.803 169.324
114.142 169.454
109.774 168.24
106.903 164.432
110.157 156.268
115.106 155.551
123.826 157.391
123.184 162.213
114.802 162.026
110.398 161.653
