99.1433 100.086
103.098 97.9579
107.525 97.6797
111.941 99.4104
116.437 101.677
133.708 99.8425
142.944 97.3008
152.146 96.5674
160.415 99.8599
167.922 104.497
121.809 108.089
117.707 114.442
113.463 120.873
109.409 127.608
107.838 139.216
110.495 141.019
113.772 141.781
119.036 141.661
124.622 140.906
105.279 112.998
107.284 109.497
112 109.756
116.237 112.487
112.099 115.208
107.863 115.795
140.039 112.297
144.066 109.272
149.119 110.719
154.456 114.495
148.77 116.407
143.683 115.784
105.213 161.72
106.915 157.435
110.561 154.326
115.056 154.931
122.741 155.204
129.186 159.082
135.33 163.169
128.626 166.412
121.958 169.015
114.447 169.671
109.672 169.082
105.732 166.18
110.049 159.064
115.175 158.837
123.149 159.917
122.219 162.293
113.734 162.5
109.379 161.884
