107.248 101.149
110.838 100.601
114.028 101.15
116.831 102.155
119.489 103.93
137.466 102.274
144.703 100.528
152.052 100.025
158.432 102.892
164.547 106.15
124.649 110.692
120.487 116.727
116.132 122.821
111.885 129.062
111.332 140.481
113.852 141.813
116.918 142.322
120.967 142.421
125.242 141.887
110.647 114.519
112.504 112.319
115.985 112.756
119.274 114.523
116.079 116.945
112.753 117.106
140.586 115.529
144.129 112.855
148.764 114.12
153.26 116.968
148.625 118.322
143.781 117.936
109.558 161.143
110.012 156.52
112.784 152.672
117.112 152.927
124.761 153.398
131.144 158.097
137.064 163.117
131.336 168.547
124.189 171.468
116.45 171.719
111.755 170.189
109.297 165.911
112.713 157.281
117.543 156.494
126.135 158.38
125.324 164.349
117.074 164.302
112.693 163.531
