88.7524 100.998
93.2544 96.5009
100.215 95.5443
107.126 96.5479
113.683 98.3067
137.457 97.5998
145.552 94.8705
154.135 93.0364
162.729 94.4061
169.643 99.4289
123.434 106.532
121.772 113.976
119.944 121.13
118.184 128.236
113.015 140.41
116.379 140.977
120.448 141.375
125.58 140.758
130.3 140.149
95.424 113.904
99.8701 109.173
106.732 108.63
112.846 111.707
106.991 114.24
100.861 115.24
141.511 111.553
147.645 107.909
154.449 108.129
160.897 111.958
154.544 114.671
147.606 114.281
103.973 163.074
108.932 158.553
114.635 154.587
121.328 154.338
129.477 154.372
136.619 158.259
143.328 162.64
136.744 165.8
129.309 167.361
121.526 167.841
115.293 167.755
109.026 166.232
113.499 159.89
121.329 158.808
131.06 159.313
130.966 161.577
121.296 161.614
113.681 161.848
