95.5019 99.7085
99.3397 98.1071
103.473 97.7224
107.539 98.588
111.763 99.6716
132.325 97.8027
140.638 95.3186
149.044 93.9975
156.901 96.712
163.78 101.135
119.336 109.005
115.594 115.821
111.866 122.585
108.357 129.519
107.491 140.932
110.36 142.627
113.753 143.285
118.972 142.783
124.325 141.674
101.445 114.84
103.361 110.779
108.042 110.585
112.981 112.839
108.752 115.711
104.623 116.771
137.811 112.655
141.732 109.225
147.153 109.979
152.881 113.157
147.425 115.486
141.835 115.554
106.718 162.493
107.748 158.639
110.865 155.665
114.978 156.1
122.329 155.427
128.94 158.384
135.805 161.523
129.661 164.683
122.927 166.402
115.55 167.321
111.416 167.042
107.799 165.385
111.779 160.135
115.672 159.781
123.121 159.909
122.525 161.421
114.894 161.713
111.353 161.698
