96.0641 100.069
99.9831 98.7043
103.913 98.2466
107.999 99.0238
111.97 100.317
132.617 97.7386
140.769 95.273
149.191 93.9593
157.31 96.0836
164.413 99.5257
119.742 110.211
116.441 117.293
112.92 124.221
109.57 131.525
108.279 142.76
111.493 144.853
115.634 145.8
120.794 145.183
126.037 143.626
103.684 115.039
105.389 111.149
109.892 111.038
114.439 113.144
110.749 116.198
106.94 117.39
137.561 112.199
141.148 108.981
146.337 109.731
151.739 113.091
146.584 115.535
141.424 115.228
108.756 163.512
110.345 159.607
113.762 156.27
118.05 156.771
125.483 156.279
132.276 159.362
138.967 162.72
133.084 166.07
126.198 167.633
118.802 168.293
114.498 167.796
110.666 165.746
114.287 161.648
118.706 161.704
126.537 161.859
125.938 162.088
117.73 162.04
113.688 162.221
