81.351 95.9614
88.1645 91.9003
96.3008 91.5429
104.547 93.9148
112.349 97.4608
138.202 97.1605
146.906 93.3647
156.587 91.5949
166.252 92.5523
174.144 97.5874
123.783 108.138
122.519 117.148
121.232 125.976
119.975 134.845
109.763 141.467
114.594 143.912
119.839 145.348
125.758 144.949
131.18 143.427
93.1947 110.489
99.1611 110.401
105.415 110.486
111.011 111.261
105.074 113.233
98.5713 113.356
141.869 112.924
147.849 112.807
153.766 112.868
159.749 114.134
153.919 116.068
147.333 115.711
101.841 161.254
106.928 158.562
113.091 156.617
119.559 157.837
127.033 157.119
134.137 159.437
140.55 163.161
134.019 166.054
126.63 166.979
119.055 166.818
113.068 165.721
107.256 164.058
111.143 160.69
119.151 160.938
128.976 161.596
129.41 162.226
119.678 161.746
111.772 160.77
