94.4311 89.3156
102.308 87.0882
110.71 88.6518
118.186 92.7132
125.296 96.7515
149.707 98.0652
153.981 97.0687
158.62 96.0754
163.085 96.8212
166.749 99.6547
134.248 114.418
135.44 122.227
136.367 129.51
137.247 137.02
119.564 140.995
123.956 144.457
129.276 146.391
133.683 146.5
137.451 144.66
103.829 109.421
109.34 110.059
113.931 110.634
117.379 111.375
112.641 112.187
107.573 111.657
141.742 114.179
145.726 115.483
149.801 116.578
152.891 117.326
149 118.021
145.032 116.905
105.341 156.092
113.058 154.365
120.234 153.65
126.947 154.844
130.732 155.134
133.418 156.872
135.749 159.407
132.678 162.748
129.149 165.124
124.368 165.64
116.872 164.359
110.366 160.859
117.798 156.999
125.643 158.438
130.111 158.998
130.572 159.817
125.588 159.89
117.477 157.969
