85.7699 89.8454
91.8885 86.5035
99.0214 88.492
105.712 92.336
111.716 96.1725
138.432 97.499
146.641 93.8932
155.627 91.5943
163.952 93.5971
169.799 100.361
122.78 109.191
120.885 117.782
118.953 126.313
117.092 134.508
107.928 141.93
111.825 144.531
116.4 146.011
121.952 146.176
127.012 145.657
93.2824 109.362
98.8105 107.524
105.612 108.665
111.329 111.988
104.685 113.378
98.0108 113.162
138.383 113.889
144.011 111.014
150.533 112.284
156.579 115.941
150.008 118.479
143.354 117.843
100.682 162.788
105.792 159.706
111.284 157.209
116.818 159.062
124.022 158.485
130.867 161.162
136.471 165.621
130.084 167.351
123.655 168.227
116.693 168.209
111.079 167.39
105.232 165.613
109.638 161.38
116.58 162.412
125.171 163.191
125.454 163.924
117.03 163.12
110.159 162.243
