88.9784 89.7733
95.4778 87.2064
102.387 89.3983
108.937 93.4341
114.968 97.5843
139.381 100.012
147.953 96.2905
157.481 94.4505
166.585 96.3338
173.07 103.746
123.628 109.687
121.49 118.241
119.356 127.055
117.3 135.65
107.675 142.276
111.339 145.067
115.802 146.701
121.931 147.225
127.648 146.559
95.0677 109.472
100.744 106.915
107.735 108.388
113.223 112.696
106.492 113.978
99.8375 113.603
138.652 115.528
144.842 112.217
151.848 113.57
157.972 118.267
151.055 120.364
144.122 119.705
100.24 163.375
105.123 160.063
110.877 157.638
116.84 159.422
124.857 159.549
131.971 163.356
138.293 168.323
131.278 169.51
124.301 169.984
116.88 169.683
111.142 168.379
105.159 166.519
109.19 161.973
116.309 163.158
126.35 164.594
126.691 165.597
117.106 164.018
109.901 162.898
