86.9329 91.1614
93.2171 87.8653
100.569 89.8649
107.474 94.153
113.798 98.3298
137.041 100.904
145.504 96.9864
154.941 94.7705
164.1 96.1114
171.071 103.05
122.834 110.826
120.507 119.425
118.191 128.172
115.862 136.628
107.557 143.492
110.779 146.229
114.785 147.736
120.769 148.257
126.305 147.467
94.1672 109.422
100.024 107.259
106.852 108.823
112.238 113.278
105.493 114.183
98.9576 113.558
137.325 116.448
143.589 112.784
150.478 113.615
156.738 117.78
149.978 120.219
142.915 120.158
99.0776 163.797
104.108 160.922
109.796 158.731
115.702 160.57
123.763 160.866
130.942 164.249
137.026 168.789
130.195 170.47
123.111 170.743
115.678 170.048
109.811 168.843
103.777 167.053
107.881 162.58
115.219 163.644
125.703 165.268
125.906 166.215
115.845 164.817
108.567 163.458
