87.5918 91.2303
93.8285 88.0545
100.902 89.8663
107.518 93.9007
113.679 97.8638
138.313 100.136
146.855 96.4246
156.214 94.4707
165.118 96.2592
171.508 103.326
123.076 110.31
120.677 118.79
118.281 127.233
115.881 135.361
107.183 142.803
110.718 145.589
115.197 147.082
121.422 147.417
127.185 146.596
94.1253 109.231
100.335 107.018
107.419 108.698
112.973 112.911
106.051 114.44
99.2019 113.878
137.295 115.675
143.695 111.808
150.821 112.825
156.993 117.234
150.225 119.983
142.979 119.665
99.1394 163.178
104.124 160.11
109.846 157.776
115.786 159.412
123.844 159.749
130.936 163.216
136.703 168.109
130.133 169.666
123.054 170.084
115.714 169.485
109.751 168.407
103.76 166.325
108.205 161.575
115.334 162.5
125.098 164.193
125.454 165.283
115.961 163.92
108.863 162.558
