86.9237 90.8527
93.3548 87.4591
101.057 89.4546
108.156 93.6416
114.668 98.1573
136.56 100.494
145.084 96.2276
154.607 93.7013
164.048 94.7836
171.134 101.481
123.299 109.545
121.081 118.464
118.816 127.444
116.543 135.971
107.515 142.015
111.209 144.823
115.633 146.428
121.946 146.693
127.79 145.793
94.2823 108.471
99.9752 106.511
106.679 108.165
111.907 112.304
105.232 113.405
98.9051 112.716
137.966 115.093
144.072 111.781
150.858 112.841
156.957 117.047
150.281 119.462
143.376 119.161
99.5166 161.694
104.461 158.926
110.422 156.968
116.116 159.076
124.057 159.216
131.321 162.5
137.951 166.803
130.954 168.613
123.663 169.187
116.041 168.651
110.093 167.225
104.004 165.061
108.09 160.878
115.851 161.927
126.43 163.533
126.923 164.46
116.678 163.253
108.824 161.732
