88.6689 94.1339
93.9622 89.9708
101.052 90.7425
107.597 93.8826
113.643 97.6045
138.483 96.9536
146.013 92.9704
154.379 90.4631
162.741 92.0002
168.719 98.4655
124.242 108.121
122.678 115.997
120.947 123.804
119.212 131.669
111.632 139.496
115.262 141.473
119.364 142.514
124.949 142.222
130.281 140.776
98.3436 112.45
103.432 110.618
109.012 110.509
114.293 112.555
108.84 114.431
103.408 114.401
141.364 114.119
146.82 111.732
152.305 112.311
156.92 114.888
152.063 116.85
146.468 116.419
104.18 159.982
109.091 156.078
114.884 153.208
120.749 154.329
128.149 153.903
134.98 157.412
140.7 161.468
134.562 163.638
127.601 164.361
120.494 164.054
114.906 163.472
108.731 162.405
112.746 157.359
120.865 157.499
130.703 158.603
130.544 159.638
121.006 158.96
112.929 158.327
