88.6343 92.772
94.414 89.5322
101.251 90.653
107.733 94.1401
113.513 98.0747
137.534 97.0605
145.413 93.3382
153.774 90.7725
162.385 91.617
169.277 96.7192
123.126 108.378
120.967 116.871
118.456 125.241
115.915 133.563
108.709 140.238
112.307 142.794
116.591 144.104
122.773 144.041
128.916 142.788
97.3738 112.842
102.529 111.069
108.318 111.009
113.787 112.803
108.28 114.466
102.817 114.552
141.284 114.455
146.829 112.935
152.403 113.517
157.276 115.702
152.206 117.307
146.601 116.836
101.365 161.735
106.213 157.821
112.06 154.894
118.129 156.158
126.202 155.884
133.611 159.466
140.169 163.665
133.362 165.132
125.657 165.801
118.035 165.416
112.317 164.852
106.069 163.776
110.172 159.114
118.184 159.186
128.72 160.707
128.68 161.691
118.354 160.516
110.126 159.967
