91.2817 91.5937
95.7056 91.2362
100.348 93.1636
104.495 96.1356
108.003 99.3713
133.72 97.7533
141.392 94.0086
149.457 91.2738
157.367 92.0924
163.831 96.1753
117.898 110.659
114.064 117.225
110.167 123.954
106.32 130.846
104.537 143.204
106.769 144.205
109.067 144.932
114.619 145.077
120.028 144.93
95.5603 115.237
98.8263 112.094
104.669 112.646
109.662 115.689
104.754 118.606
99.4025 118.789
136.361 116.379
140.846 112.698
146.851 113.661
152.298 117.581
146.731 119.696
140.635 119.538
99.8455 164.659
102.462 160.398
106.37 157.296
110.783 158.207
118.797 158.05
125.737 161.849
132.433 165.883
125.652 166.857
118.329 167.449
110.91 167.537
106.499 167.344
102.239 166.207
106.109 161.271
111.178 161.855
119.619 162.479
119.63 162.763
111.073 162.159
105.924 162.044
