83.2232 98.6195
88.1801 93.2905
95.624 92.1978
102.733 94.3166
109.431 97.6452
137.581 96.0514
145.457 92.0443
154.151 88.9702
162.891 89.6936
168.855 95.4992
122.747 109.979
121.771 117.078
120.463 124.277
119.288 131.761
113.333 141.948
116.878 143.122
120.714 143.571
126.255 143.039
131.54 142.17
95.5061 116.265
100.488 113.755
106.363 113.14
111.86 114.657
106.42 117.354
100.753 117.915
141.174 114.774
146.532 112.179
152.502 112.341
158.242 114.837
152.485 117.001
146.317 116.99
105.247 163.158
109.801 158.598
115.469 154.948
121.719 155.475
129.455 154.857
136.671 158.126
143.645 161.95
136.591 163.268
128.914 163.901
121.437 163.863
115.571 164.221
109.822 164.246
114.112 159.04
121.825 158.5
131.74 158.885
131.641 160.017
121.944 159.536
114.216 160.363
