86.2914 97.3102
91.0917 93.0395
97.895 92.5433
104.42 94.9929
110.437 98.792
136.009 96.0943
144.138 91.3578
153.228 88.1574
162.156 89.7143
167.705 97.0923
121.671 108.805
120.65 115.902
119.192 122.953
117.535 130.03
113.097 140.762
116.34 141.928
119.964 142.301
125.127 141.911
130.058 141.151
93.4691 114.609
98.3252 111.208
105.131 111.333
111.404 114.237
105.074 116.747
98.6843 117.291
137.011 113.419
142.292 109.379
148.912 109.861
155.882 113.266
149.029 115.483
142.531 115.755
105.368 162.239
109.513 157.368
114.554 153.392
120.144 153.997
127.751 153.057
134.804 156.898
141.812 160.956
134.801 162.28
127.639 163.043
120.713 163.328
115.402 163.711
109.882 163.258
113.169 158.215
120.362 157.444
130.304 157.922
130.173 158.714
120.514 158.632
113.232 159.271
