88.7262 96.549
93.659 92.2656
100.454 92.3482
107.03 95.1874
113.139 98.8187
138.435 96.8907
146.61 93.1876
155.292 90.5249
163.795 91.9682
169.715 98.255
123.815 109.086
122.353 116.552
120.306 123.91
118.209 131.095
112.26 141.584
115.796 142.656
119.689 143.287
125.612 142.996
131.272 142.113
95.7458 114.526
100.548 111.117
107.34 111.295
113.181 114.42
107.201 117.005
100.898 117.453
138.478 114.636
144.016 110.92
150.783 111.242
157.011 114.356
150.747 117.133
144.234 117.343
105.073 163.024
109.62 157.901
115.263 154.195
121.453 154.961
129.249 154.304
136.697 157.813
143.601 161.961
136.402 163.596
128.877 164.533
121.394 164.802
115.571 164.938
109.736 164.465
113.495 158.962
121.347 158.882
132.183 159.073
132.186 159.601
121.433 159.689
113.507 159.744
