85.4393 99.4333
90.6773 93.6982
98.3163 93.0566
105.909 95.18
112.988 99.1904
134.317 96.5363
142.555 92.3739
151.591 89.9764
160.505 91.521
166.372 98.2034
122.083 108.635
121.277 116.083
120.178 123.241
119.009 130.555
111.953 139.657
116.062 141.557
120.833 142.244
126.514 141.386
131.666 139.974
97.1265 117.036
102.084 117.899
107.154 116.873
112.418 114.454
107.5 116.746
102.163 117.728
138.085 114.253
142.954 116.28
148.256 116.798
154.134 115.207
148.703 116.498
143.085 116.224
106.117 160.72
110.008 156.243
115.311 152.981
121.272 153.833
129.071 152.839
135.935 156.001
142.622 159.289
135.587 160.713
128.608 161.721
121.195 161.904
115.841 162.127
110.838 161.724
114.252 157.09
121.566 156.676
131.439 157.07
131.065 157.702
121.487 157.415
114.388 157.967
