87.3994 104.177
91.6648 98.8895
98.4519 97.3063
105.458 98.0445
112.297 100.206
136.324 98.0491
144.272 94.8614
153.059 93.1613
161.463 95.1169
167.564 101.124
123.554 110.016
122.8 117.342
121.869 124.648
120.843 132.068
114.578 141.811
118.382 142.777
122.581 143.107
128.162 142.292
133.077 141.296
97.5958 116.563
102.188 114.81
107.421 114.119
112.546 114.397
107.453 115.369
102.635 116.133
140.83 113.877
145.937 113.227
151.255 113.536
156.767 114.577
151.335 115.356
145.635 115.021
108.099 161.711
112.414 157.614
117.713 154.194
123.704 154.614
131.578 154.06
138.6 156.934
145.372 160.149
138.391 161.774
131.02 162.73
123.297 163.003
117.77 163.297
112.458 162.938
116.102 158.408
123.43 157.625
133.498 158.047
133.193 158.776
123.351 158.636
116.343 159.319
