86.5507 102.466
91.3557 98.0937
98.3791 96.401
105.65 96.5497
112.961 98.046
134.03 97.9634
141.558 95.7079
149.603 94.5355
157.263 96.351
162.947 101.259
122.986 109.732
122.529 117.015
122.014 124.11
121.711 131.19
114.79 138.393
118.294 139.15
122.269 139.675
127.067 139.256
131.533 138.254
97.2356 112.495
101.247 110.326
106.116 109.89
110.838 111.702
106.211 112.985
101.541 113.587
138.778 112.088
143.249 110.332
148.042 110.24
152.887 112.16
148.203 113.826
143.185 113.62
106.12 156.882
111.089 153.718
116.769 151.062
122.953 151.853
129.982 151.066
136.846 153.19
143.294 156.488
137.088 159.199
130.42 160.736
123.038 161.045
116.789 160.754
110.938 159.518
116.234 155.02
122.874 154.783
131.067 154.953
131.249 156.41
123.075 156.352
116.502 156.052
