86.6996 104.268
91.3751 99.4188
98.3654 97.3309
105.637 97.5188
113.058 98.8049
135.457 98.7549
142.508 96.5209
149.998 95.2098
157.151 96.9014
161.786 102.404
123.884 109.504
123.815 116.759
123.636 123.882
123.694 131.064
115.52 138.362
119.209 139.022
123.551 139.586
127.795 139.255
131.588 138.662
96.0399 112.685
100.572 110.516
105.993 110.23
110.991 112.244
105.867 113.407
100.738 114.019
138.629 112.547
143.371 110.015
148.592 109.911
153.577 112.189
148.778 114.095
143.35 113.887
106.394 156.799
111.752 154.03
117.435 151.198
123.842 151.904
130.731 150.833
137.375 152.892
143.575 156.303
137.823 158.991
131.649 160.614
124.42 161.291
117.938 161.233
111.595 159.931
116.979 155.3
123.801 155.081
131.662 154.923
131.972 156.565
124.27 157.074
117.457 156.844
