85.7225 102.299
90.3839 97.9984
97.8555 96.669
105.447 97.6347
112.946 99.3149
137.903 100.121
145.402 98.4645
153.205 97.3694
160.523 98.7606
164.739 104.266
126.272 111.001
126.369 117.775
126.271 124.286
126.169 131.078
118.139 139.504
121.789 139.676
125.742 140.12
129.895 139.768
133.616 139.596
95.4297 113.429
100.4 112.541
106.136 112.253
111.618 112.984
106.165 115.371
100.341 115.764
139.281 114.504
144.739 113.505
150.484 114.012
155.436 115.379
150.312 117.795
144.386 117.307
106.295 157.912
112.021 154.485
118.108 151.435
125.002 152.339
131.656 151.529
137.702 154.65
143.149 158.834
137.513 160.34
131.521 161.268
124.704 161.475
117.99 161.369
111.571 160.515
117.581 155.458
124.987 155.331
131.716 155.669
131.682 157.338
125.019 156.89
117.724 156.701
