77.9845 102.623
83.9659 99.2943
91.3132 99.2774
98.5364 100.793
105.575 102.642
136.436 95.8661
141.356 91.1613
146.868 86.4683
153.216 83.1553
159.806 84.2354
124.689 110.556
126.945 119.329
129.239 128.577
131.508 137.642
120.602 143.857
126.071 145.261
131.822 144.606
137.112 142.564
141.175 139.371
92.2806 116.493
97.2046 114.474
102.866 113.104
108.638 113.095
103.992 116.064
98.0988 117.576
137.18 107.811
142.231 104.498
147.848 102.441
153.771 102.611
149.476 106.452
143.398 107.767
115.024 164.222
120.325 159.676
126.759 156.554
133.672 155.622
140.251 153.552
146.878 153.87
153.249 155.296
149.252 161.336
143.499 166.007
136.124 168.742
128.449 169.626
121.143 168.107
125.456 161.1
134.234 159.482
142.296 157.148
142.48 159.585
134.533 162.44
126.069 163.86
