76.5362 101.846
82.1756 98.1641
89.6884 97.7682
97.4802 99.2581
105.052 101.409
134.629 94.8656
139.633 89.9261
145.273 85.3398
151.63 82.1328
158.162 83.3392
123.8 109.769
126.411 118.261
128.999 127.33
131.356 136.22
120.642 142.179
125.816 143.496
131.284 142.852
136.073 141.089
139.833 138.305
91.9324 116.354
97.0056 115.909
102.597 114.203
107.523 111.957
102.747 114.804
97.1732 116.58
136.021 106.801
141.641 106.309
147.372 105.338
152.341 104.516
147.609 106.529
141.764 106.999
114.63 163.731
120.086 158.514
126.6 154.646
133.843 154.009
139.984 151.665
146.339 152.572
151.932 154.704
148.036 160.34
142.618 164.755
135.668 167.277
128.007 168.393
120.81 167.176
125.456 159.82
134.111 157.83
141.467 156.016
141.624 158.384
134.361 161.013
125.88 162.442
