76.2634 101.549
81.9958 98.0056
89.2502 97.8235
96.6357 99.1159
103.77 100.338
136.073 93.441
140.794 88.8536
146.053 84.4888
152.078 81.0531
158.318 81.6346
123.339 108.114
126.001 116.993
128.735 126.295
131.282 135.412
120.719 142.55
126.234 143.618
131.894 142.709
136.891 140.905
140.874 138.112
91.7384 114.762
96.3324 112.662
101.982 111.206
107.546 111.42
103.245 114.495
97.4689 116.054
137.034 105.514
141.74 102.478
147.057 100.628
152.468 100.675
148.607 104.493
142.81 105.729
115.108 163.273
120.119 158.262
126.637 154.988
133.721 154.594
139.771 152.068
146.24 152.507
151.974 154.391
148.502 160.253
143.152 165.029
135.991 167.886
128.309 168.997
120.969 167.555
125.411 159.624
134.253 157.975
141.8 155.583
141.986 157.979
134.474 161.054
125.881 162.553
