75.2376 99.8935
80.3849 95.2916
87.6454 93.8835
95.1801 94.1522
102.319 95.0604
135.852 87.3287
139.831 83.3139
144.639 79.5644
150.435 77.2747
155.944 79.715
124.076 108.615
127.15 117.157
130.224 125.887
133.104 134.746
120.393 142.109
126.679 143.86
133.275 143.243
138.278 140.96
142.225 137.132
91.8666 116.611
96.4885 114.357
102.253 112.862
108.514 112.764
103.414 116.728
97.5153 118.411
135.383 105.963
139.858 103.217
145.065 101.275
150.457 101.004
147.112 105.923
141.276 107.276
115.247 162.099
121.785 158.509
127.86 155.231
134.848 154.486
140.335 152.073
146.235 152.238
151.956 152.826
147.583 157.514
142.416 161.437
136.22 163.854
128.954 164.871
121.949 164.455
125.312 159.857
135.321 157.932
142.818 155.174
142.668 156.128
135.084 159.353
125.363 160.961
