77.1758 100.449
82.087 96.1187
89.0658 94.9053
96.2805 95.3954
103.329 96.7299
136.21 88.6212
140.599 83.9572
145.893 80.0782
152.277 78.0004
158.144 80.9093
124.831 109.126
127.822 117.965
130.672 126.913
133.521 136.063
121.441 143.397
127.44 144.781
133.762 144.133
138.941 142.025
143.064 138.301
92.3552 117.518
97.249 115.078
103.062 113.571
109.177 113.641
104.117 117.881
98.0598 119.671
136.768 106.436
141.429 103.382
146.913 101.629
152.166 102.09
148.679 106.963
142.796 108.205
116.889 163.701
123.151 160.011
128.962 156.7
135.678 156.361
141.261 153.79
147.388 153.707
153.198 154.184
149.215 159.772
144.025 164.37
137.526 166.817
130.304 167.73
123.314 166.864
126.671 161.825
136.183 159.751
144.006 156.971
143.985 157.924
136.14 161.005
126.73 162.701
