90.1033 94.0496
96.1898 91.1884
102.908 90.7457
109.37 91.8116
115.975 93.3846
138.352 96.7289
142.657 96.293
147.015 96.097
150.95 96.7434
154.481 99.5309
128.062 102.58
130.084 107.025
132.27 111.333
134.331 115.826
121.324 129.918
126.859 130.324
131.956 130.734
135.409 131.613
138.582 132.696
100.262 107.2
105.295 103.774
110.492 104.246
114.658 107.624
110.096 108.743
104.817 108.827
136.408 111.641
141.451 109.642
146.53 111.337
149.733 115.883
145.059 115.291
140.341 113.916
109.684 156.389
113.923 146.297
122.324 139.254
133.064 138.653
141.442 141.928
144.837 150.961
143.94 160.771
143.447 167.836
139.614 173.986
131.987 174.935
120.856 172.768
113.086 166.166
119.003 144.49
133.258 141.378
141.877 147.98
140.507 168.991
132.008 171.957
118.18 167.535
