87.3959 95.7335
94.324 92.885
102.159 92.2395
109.726 93.2705
116.917 96.1505
135.576 99.7457
140.811 98.6071
146.29 98.4956
151.823 99.0714
156.604 101.797
127.271 103.792
128.687 108.389
130.238 112.812
131.867 117.036
120.179 130.448
124.664 131.223
129.095 131.829
132.194 132.132
134.971 132.361
97.1957 107.841
101.934 105.643
107.152 105.645
111.199 108.129
106.977 109.072
101.837 108.748
136.363 111.332
141.135 110.977
145.891 112.485
148.997 116.184
144.606 115.539
140.285 114.025
109.478 148.376
115.354 143.451
122.292 140.62
129.663 140.993
135.007 142.14
138.849 146.176
140.919 151.645
137.212 151.553
133.109 150.787
128.761 150.496
122.021 150.234
115.455 149.757
119.904 144.684
129.363 144.091
135.222 146.607
134.747 148.487
129.024 147.697
119.929 147.483
