74.9667 97.8475
82.4431 94.5557
90.8752 95.2429
98.415 97.8331
105.478 100.479
135.461 95.7149
145.102 92.2642
154.202 89.7292
163.565 89.9261
172.146 93.0432
119.887 107.599
120.669 116.725
121.115 125.425
121.239 134.525
114.199 145.675
119.462 147.241
125.257 147.794
132.196 146.31
137.973 143.443
87.0169 115.223
93.5771 114.677
99.9606 113.807
105.65 111.77
99.7256 114.434
93.3711 115.737
142.139 108.739
148.525 110.063
154.958 109.567
160.975 108.05
154.797 110.318
148.401 110.093
110.096 173.039
113.878 166.124
120.108 161.102
127.776 160.887
137.184 159.216
146.011 161.934
152.392 166.791
147.299 173.929
139.744 178.995
130.059 181.154
121.894 181.104
114.689 177.921
119.331 167.191
128.643 166.304
139.341 165.254
139.484 169.754
128.62 171.828
119.275 172.731
