73.0836 98.6786
81.0698 94.0248
90.4501 93.2934
99.4272 94.9602
107.824 96.9629
137.038 94.4536
145.748 91.8327
154.201 89.4096
163.286 89.5651
171.252 93.6067
122.458 105.881
123.579 114.861
124.276 123.81
124.823 132.959
116.037 143.112
121.352 144.972
127.278 145.744
133.584 144.426
138.756 141.819
86.9494 111.972
93.8572 112.677
100.437 111.721
106.653 108.729
100.187 111.638
93.7798 112.874
140.356 106.602
147.234 109.541
153.662 109.387
159.975 107.483
153.606 109.32
146.829 108.827
108.663 168.957
113.137 162.498
119.819 158.315
128.072 158.055
136.338 156.761
144.325 159.686
149.565 164.833
144.716 171.015
138.239 175.598
129.492 176.922
121.34 176.998
114.323 173.681
118.887 163.742
128.439 162.97
138.017 162.175
137.843 166.806
128.722 168.094
119.107 168.892
