74.7277 97.9767
82.8084 93.9401
91.9827 93.4844
100.914 95.3087
109.22 97.5751
137.231 94.0638
146.346 91.4053
155.113 89.4081
164.345 89.8157
172.34 94.09
122.098 104.266
123.016 113.734
123.686 123.069
124.119 132.45
115.879 142.762
121.492 143.889
127.188 144.127
133.377 143.014
138.448 140.823
87.6614 111.311
94.4173 112.422
100.97 111.599
107.596 108.238
101.204 111.214
94.4817 112.395
140.29 106.106
147.224 108.986
153.697 108.962
160.495 106.788
153.671 108.796
146.791 108.359
109.295 168.674
113.828 162.187
120.252 157.64
128.451 157.052
136.813 155.56
144.815 158.456
150.264 163.532
145.736 170.26
138.983 175.185
129.77 176.871
121.565 177.031
114.656 173.631
119.322 163.137
128.812 161.905
139.051 161.18
138.774 165.941
128.982 167.461
119.623 168.246
