102.74 103.875
105.798 102.182
108.475 101.364
111.593 101.961
115.193 102.588
134.876 98.7936
141.032 96.6246
147.482 95.7678
153.174 98.0122
157.401 101.415
122.008 104.832
117.368 109.63
112.558 114.297
107.458 119.437
108.753 131.236
110.265 129.86
112.051 129.764
116.434 130.152
120.761 131.439
104.598 113.846
107.087 111.208
111.26 110.469
115.132 111.258
111.461 113.256
107.931 114.191
136.489 111.408
140.122 108.827
145.176 109.799
150.613 111.818
145.433 113.056
140.256 113.109
106.986 154.869
105.18 147.483
106.184 141.07
111.037 139.125
119.704 140.34
126.253 146.102
131.572 154.035
127.21 160.121
120.954 164.502
113.403 166.281
108.669 164.728
107.36 160.278
108.541 146.343
112.299 143.876
122.165 145.526
122.675 157.059
113.624 159.687
110.154 157.703
