100.421 103.853
103.985 102.018
107.359 101.944
110.819 102.959
114.194 104.519
129.732 100.077
137.223 97.5869
144.797 96.5922
152.523 98.7115
159.338 102.348
117.736 112.547
113.554 117.943
109.517 123.077
105.587 129.074
107.37 141.754
109.585 142.842
112.883 142.926
117.722 142.612
123.072 141.934
104.619 116.674
106.999 114.058
110.7 113.827
114.036 115.443
110.835 118.859
107.191 118.986
135.767 113.233
139.774 110.456
144.597 111.01
149.928 113.121
145.045 115.823
139.632 116.033
107.926 163.37
107.412 158.438
109.706 154.951
113.71 154.646
121.95 154.172
129.864 157.429
137.461 162.38
130.056 166.655
122.869 169.99
114.885 171.768
110.803 170.568
108.184 167.624
111.31 158.736
114.264 157.773
123.704 158.17
124.123 163.781
115.4 164.759
112.617 164.686
