102.702 104.017
105.593 102.26
108.656 101.942
111.822 102.717
114.907 103.96
130.21 99.5044
137.277 97.4858
144.435 96.498
151.458 98.8478
157.978 102.45
119.183 111.813
115.274 116.975
111.402 122.052
107.485 127.91
110.603 140.69
112.654 141.206
115.621 140.944
119.61 140.536
124.14 140.121
106.539 116.628
108.477 113.756
112.227 113.336
115.75 114.849
112.535 117.999
109.034 118.329
135.32 112.62
139.02 109.933
144.007 110.448
149.371 112.551
144.235 114.751
138.954 114.96
110.96 160.51
110.069 156.011
111.882 152.209
115.767 151.75
123.743 150.975
131.369 154.003
139.206 158.784
132.388 163.578
125.405 166.881
117.653 168.923
113.583 168.053
110.971 164.995
114.1 155.813
116.647 154.555
125.491 154.606
126.067 160.821
117.994 162.519
115.544 162.216
