102.422 101.884
105.563 100.007
108.631 99.5249
111.921 100.136
115.181 101.563
130.977 97.1272
138.35 94.7998
145.823 94.0383
153.247 96.3432
159.764 100.372
119.348 108.809
114.962 114.064
110.646 119.161
106.397 125.028
108.581 139.282
110.452 139.514
113.31 139.22
117.586 139.256
122.461 139.465
105.434 115.189
107.452 111.666
111.688 111.498
115.732 114.024
112.167 117.489
107.934 117.477
136.613 111.823
140.603 108.079
146.177 108.802
152.097 111.633
146.642 114.46
140.595 114.709
106.624 162.33
106.161 157.14
108.624 152.771
113.226 152.565
121.32 151.682
128.792 154.963
136.048 160.659
128.973 164.648
121.673 167.639
113.796 168.826
109.65 167.961
106.959 165.782
110.188 156.576
113.688 155.255
122.918 155.604
122.942 161.025
114.495 161.922
111.495 161.874
