99.1585 103.433
102.442 101.193
105.701 100.478
109.085 100.847
112.724 101.896
129.199 97.766
137.004 95.5686
145.085 94.4499
152.956 97.1588
160.388 101.721
117.454 110.378
113.425 115.691
109.246 120.846
104.845 126.946
105.532 141.392
108.111 142.435
112.181 142.774
117.855 141.964
123.101 141.183
102.749 117.441
104.72 114.346
108.679 113.527
112.384 115.164
109.029 117.375
105.584 117.564
135.651 113.406
139.656 110.524
145.359 110.364
151.003 112.911
145.546 114.301
139.922 114.47
105.369 165.695
104.28 159.556
106.117 154.688
111.207 153.139
120.798 152.995
129.869 156.564
138.365 162.8
130.674 167.187
122.452 170.201
113.634 172.21
109.2 171.966
106.213 169.809
108.096 158.234
112.247 156.082
123.28 157.16
123.892 165.596
113.61 167.468
110.097 167.587
