101.519 105.061
105.102 102.678
108.746 102.2
112.358 102.763
115.982 104.507
130.016 99.3825
138.137 97.2262
146.234 96.0848
154.089 98.9587
161.527 103.356
118.697 112.571
114.797 117.793
110.716 122.945
106.399 128.966
106.651 142.137
109.036 142.885
112.692 143.086
118.366 142.627
123.63 142.052
103.775 118.958
105.662 115.678
109.915 114.763
113.928 116.564
110.458 118.8
106.796 119.097
136.816 114.931
141.163 111.578
147.126 111.575
152.945 114.44
147.27 115.85
141.219 116.035
106.186 165.877
105.39 160.183
107.167 155.214
112.073 153.773
121.358 153.699
130.048 157.351
138.46 163.363
130.865 168.468
122.768 172.168
113.934 174.399
109.391 173.667
106.793 170.524
108.588 159.098
112.969 157.023
124.118 158.041
124.496 166.228
113.861 168.263
110.144 167.724
