102.381 105.078
105.123 102.77
108.105 101.826
111.197 102.076
114.632 102.87
131.001 98.6354
138.923 96.3605
146.997 95.5013
154.861 98.2532
162.42 102.631
119.21 110.722
115.246 116.041
111.321 121.28
107.543 127.148
109.238 141.961
111.083 142.573
113.601 142.882
118.688 142.592
123.565 142.353
104.748 117.589
107.094 114.47
111.865 113.958
116.229 115.837
112.494 118.758
108.399 119.16
137.381 113.953
141.837 111.061
147.12 111.192
152.239 113.309
147.329 115.718
141.829 115.966
107.406 161.636
108.425 158.773
110.437 155.979
114.225 155.635
122.54 155.751
130.465 158.33
138.494 161.039
130.588 164.159
122.916 166.061
115.202 167.212
111.957 166.569
109.194 164.932
111.442 160.134
114.697 159.462
123.927 160.004
124.195 160.891
114.822 160.342
111.924 160.703
