101.754 104.068
105.097 101.763
108.613 101.235
112.143 101.794
115.73 103.268
130.67 98.812
138.377 96.3796
146.397 95.3636
153.973 98.0759
161.07 102.566
119.518 111.697
115.625 116.851
111.474 121.972
107.213 127.932
107.982 140.526
110.189 141.613
113.808 142.038
119.06 141.377
124.067 140.616
104.301 118.116
106.479 115.355
110.448 114.478
114.565 115.774
110.935 118.026
107.332 118.311
136.879 113.988
141.021 111.038
146.763 111.072
152.482 113.524
147.002 114.918
141.202 115.075
107.846 165.024
106.771 158.975
108.413 153.965
113.314 152.448
122.568 152.266
131.264 155.858
139.071 162.269
131.916 166.596
124.226 169.812
115.892 171.896
111.536 171.744
108.646 169.428
110.464 157.618
114.44 155.253
124.706 156.501
125.291 164.98
115.748 166.488
112.337 166.716
