100.673 105.779
102.957 103.115
105.692 101.915
109.11 102.819
112.224 104.53
127.102 100.751
135.089 99.0541
142.858 98.1432
150.31 100.225
156.976 104.726
117.107 112.935
112.795 118.594
108.531 123.892
104.168 129.754
107.245 140.798
109.906 141.887
113.129 142.062
118.532 141.341
123.764 140.028
105.555 117.247
107.399 114.132
111.35 113.657
115.529 114.963
112.15 118.52
108.416 118.942
133.878 114.013
137.424 111.063
142.852 111.477
149.285 113.905
143.473 116.459
137.643 116.562
112.693 164.901
109.758 157.346
110.924 152.346
115.037 151.251
124.068 151.015
133.079 154.125
141.213 160.509
135.117 168.292
127.495 174.141
117.876 176.832
112.964 175.403
111.451 170.932
112.614 156.919
116.141 154.556
128.031 155.544
128.939 166.448
117.445 169.518
114.197 168.896
