98.6976 90.631
102.269 90.1566
105.416 91.688
108.288 93.799
111.142 96.1751
132.8 98.9328
140.516 98.4406
148.019 98.9326
154.953 102.222
160.767 107.118
117.292 107.43
113.001 114.708
108.513 122.31
104.196 129.691
102.33 135.471
105.081 137.633
108.758 139.179
115.015 139.602
121.53 138.791
100.03 104.035
104.3 103.23
108.601 104.419
112.494 107.774
107.384 109.062
102.843 107.828
134.721 112.764
139.699 111.214
144.903 112.656
150.442 116.085
144.381 117.725
138.536 116.575
100.948 149.926
103.344 149.18
106.991 148.489
110.175 150.149
119.207 150.678
127.763 153.49
136.349 157.025
127.999 163.428
118.675 166.745
108.604 166.332
102.879 162.774
100.701 156.777
105.478 151.127
109.997 152.653
122.591 154.702
122.558 160.75
109.783 160.063
104.324 156.206
