99.381 103.307
100.473 100.541
102.314 99.5442
104.69 100.478
107.809 101.508
131.416 99.8373
139.165 97.0271
147.345 95.2924
155.301 97.0254
162.845 100.924
118.568 111.64
113.299 116.931
108.102 121.826
103.125 126.818
107.071 141.783
108.436 141.729
110.651 141.722
115.325 141.617
119.756 141.481
104.968 116.535
106.464 113.374
111.644 112.668
116.315 114.309
112.071 117.105
107.911 118.135
138.192 114.859
141.854 111.96
147.456 112.34
153.995 113.929
148.302 116.516
142.632 117.23
107.176 159.228
107.402 156.272
109.623 154.563
112.667 154.405
120.41 154.082
127.68 156.066
134.579 158.366
128.033 161.755
120.462 163.73
112.605 164.476
109.745 164.412
107.527 162.588
109.893 158.997
112.948 159.223
121.621 158.402
121.458 158.425
112.421 159.707
109.244 159.641
