97.6521 104.037
100.796 101.147
104.638 99.6982
108.789 99.7325
112.93 100.288
136.602 97.3498
142.351 94.8774
149.017 94.0857
155.236 96.0271
159.169 100.501
122.696 107.682
118.981 111.188
114.861 114.717
110.618 118.555
109.507 132.662
111.91 131.744
114.452 131.425
118.653 131.671
122.875 133.023
101.86 116.723
104.84 111.922
109.57 111.332
113.283 114.159
109.566 117.101
105.434 117.647
137.332 113.105
141.141 109.043
147.04 109.555
152.096 113.546
146.753 115.617
141.252 115.731
105.229 157.308
104.472 149.383
107.143 142.843
113.106 140.924
121.498 141.598
128.057 147.49
132.201 155.97
128.302 161.158
122.381 165.016
115.243 166.404
109.56 165.534
106.596 161.844
107.938 147.912
114.293 144.862
124.427 146.852
124.096 159.08
115.109 160.36
109.39 159.597
