90.1822 102.904
94.7636 99.8476
99.8223 98.209
104.779 98.4619
109.888 98.9181
137.159 93.1565
144.564 89.7507
152.865 88.3577
161.134 90.2134
166.893 95.7594
119.909 105.787
115.442 109.911
110.801 113.977
106.159 118.382
106.261 137.678
108.564 136.277
111.678 135.137
116.787 135.148
121.793 136.054
94.9821 118.333
98.6826 113.854
104.102 112.416
108.31 114.515
104.178 116.648
99.4641 117.801
140.513 112.441
144.827 109.829
151.247 109.349
157.255 111.204
151.341 113.406
145.06 114.288
101.021 164.301
99.9131 155.506
102.963 148.739
109.386 146.52
119.86 146.797
128.716 151.911
136.271 160.056
129.043 163.756
120.938 165.69
112.259 166.839
107.025 167.234
103.229 166.029
105.031 154.248
110.629 151.089
122.863 152.471
122.56 160.707
112.044 161.456
107.251 162.811
