100.45 106.207
102.582 102.225
105.928 100.179
109.773 100.049
113.707 101.601
134.05 97.7046
141.053 94.72
149.088 93.9354
156.6 96.8249
163.293 101.652
119.895 109.725
115.568 115.093
111.299 120.116
107.554 125.787
107.517 139.24
109.47 138.938
112.525 138.313
117.582 138.265
123.326 138.746
101.75 120.345
104.238 115.866
109.397 115.098
113.54 117.397
109.601 120.082
105.157 121.175
137.802 115.931
142.068 112.384
148.649 112.427
154.3 114.227
148.822 116.738
142.451 117.333
103.736 162.237
104.78 157.494
107.752 153.029
113.161 152.043
122.059 151.865
129.639 155.918
137.438 161.36
130.557 166.019
122.565 169.206
113.711 170.475
108.362 169.808
104.705 166.664
108.02 157.356
113.502 155.103
125.584 156.352
125.149 163.418
113.644 164.624
108.574 163.913
