91.0586 109.238
94.3502 105.903
98.4435 103.314
102.989 103.065
107.601 102.57
137.976 95.951
145.124 93.2585
152.812 92.1965
160.152 94.2307
165.397 99.959
119.848 109.727
116.21 111.809
112.275 113.868
107.72 116.077
109.195 136.928
110.923 135.056
113.254 133.938
117.779 133.919
122.349 135.183
96.5852 122.977
99.1869 118.456
103.754 116.919
108.22 118.567
104.271 120.387
100.31 121.644
140.594 115.613
144.575 113.061
150.33 112.793
155.797 114.943
150.35 116.03
145.096 116.689
103.303 162.716
102.563 154.229
105.53 147.072
111.836 145.155
121.455 145.377
129.505 150.575
136.833 157.976
129.836 161.224
121.994 162.757
114.266 163.867
109.466 164.598
105.657 164.241
107.066 152.622
112.825 149.401
124.64 150.565
124.083 158.544
113.884 159.4
108.927 160.616
