89.436 108.441
93.2943 105.537
97.6745 104.394
102.605 104.059
107.451 104.247
128.475 99.0187
136.352 95.2376
144.897 92.3756
153.509 93.3701
160.233 97.9074
116.302 113.363
115.038 119.22
113.335 125.035
111.569 131.005
110.411 141.927
113.792 142.68
117.431 142.949
122.844 141.833
128.277 140.126
94.7208 122.446
98.5766 118.662
103.926 117.226
109.003 117.847
104.723 121.241
99.6456 122.581
134.615 112.733
139.114 109.615
145.247 109.053
151.574 110.936
145.872 113.024
139.84 113.804
107.812 166.106
108.685 159.409
112.985 153.867
119.069 153.007
127.983 151.345
136.881 153.572
144.725 158.473
139.173 164.65
131.962 169.264
123.235 171.775
116.988 172.853
111.172 170.688
112.892 158.732
119.753 157.008
132.166 155.438
133.708 163.236
121.968 166.466
114.901 167.056
