80.5969 109.53
87.739 104.178
96.1745 101.203
105.034 100.848
113.872 101.695
136.576 101.632
141.143 99.8402
145.911 98.7014
150.86 98.5815
155.387 100.481
127.318 111.906
129.76 118.661
132.302 125.705
135.039 132.765
120.511 142.47
125.779 142.635
131.312 142.425
135.151 141.855
138.668 140.811
93.7119 117.591
99.412 116.276
104.832 115.075
109.642 114.693
105.197 117.027
99.5682 117.73
135.704 113.76
140.577 112.225
146.087 112.058
151.294 113.415
146.882 114.465
141.128 114.372
106.486 159.984
114.963 156.213
122.815 153.631
130.957 153.352
135.551 152.132
140.403 153.401
144.434 156.575
142.446 162.675
137.728 167.162
131.496 168.878
121.796 169.113
113.241 165.917
118.839 157.012
130.948 155.781
137.519 155.017
138.003 161.489
130.734 162.981
118.535 163.522
