85.9393 100.843
92.2488 98.3083
98.8938 98.767
105.348 100.521
111.817 103.062
132.079 103.077
139.943 100.477
148.27 99.0972
156.483 100.274
163.471 105.031
122.092 110.069
120.449 118.31
118.746 126.616
117.205 135.152
111.547 138.081
114.957 140.053
119.19 141.197
124.508 140.887
129.775 139.855
93.2039 110.923
98.6449 108.61
105.321 108.892
110.606 111.492
104.731 113.674
97.9227 113.623
136.809 112.583
142.199 109.4
149.043 109.525
155.104 112.455
149.396 114.526
142.533 114.427
104.091 153.302
108.94 151.097
114.309 149.94
119.429 150.486
127.477 149.917
135.201 151.759
142.159 155.246
136.038 161.334
128.396 165.286
119.73 166.276
112.644 165.21
106.969 160.392
112.526 153.067
119.628 153.434
130.338 153.825
130.691 159.023
119.993 159.692
112.278 158.289
