80.7501 109.24
88.346 103.841
97.1169 100.548
106.331 100.615
115.518 101.567
138.034 100.44
142.285 98.8669
146.313 97.556
150.791 97.3491
155.044 98.4427
129.559 111.697
132.63 118.625
135.809 125.602
139.038 132.811
122.082 141.528
127.208 141.806
132.715 141.572
136.212 140.454
138.789 139.328
94.5176 114.69
100.374 113.364
105.548 112.432
110.021 112.763
105.882 115.552
100.278 115.966
135.917 111.638
140.81 109.405
145.666 108.947
150.279 110.292
146.643 112.819
141.344 113.073
105.247 158.054
114.477 155.289
122.902 152.811
131.551 152.981
135.387 151.908
139.297 153.036
142.441 155.736
140.767 161.246
137.019 165.735
131.027 167.582
121.206 167.473
112.508 163.925
118.388 156.35
131.255 155.401
137.502 154.904
137.929 160.893
130.675 161.749
117.639 161.953
