82.4807 111.03
88.2805 106.216
95.8885 103.962
103.779 103.843
111.802 104.529
133.318 102.296
139.238 99.5783
145.574 97.7822
152.096 97.4851
157.614 100.522
123.794 111.915
125.559 119.23
127.237 126.855
128.967 134.562
118.046 140.701
122.423 141.766
127.759 141.964
132.319 140.842
136.299 138.734
93.2638 118.702
98.1398 116.763
103.428 115.903
108.393 115.612
103.774 117.452
98.3711 118.438
136.156 112.096
141.447 110.251
147.203 109.873
152.58 110.76
148.078 112.127
141.926 112.493
107.617 156.891
113.991 153.473
120.451 151.166
127.733 150.538
134.069 149.276
140.195 149.948
146.262 151.776
142.749 158.611
137.312 164.59
129.22 167.682
120.546 167.396
113.291 163.321
117.601 154.773
127.838 153.986
136.822 152.103
137.74 158.152
128.256 161.854
117.39 161.295
