84.511 107.473
91.4853 102.87
99.3328 100.187
107.478 100.58
115.508 101.675
136.933 100.426
140.606 98.5401
144.403 96.9396
148.531 96.8181
152.498 97.957
128.855 110.75
131.935 117.305
135.306 124.117
138.681 131.358
122.399 140.385
127.565 141.131
132.856 140.813
136.519 139.866
139.319 138.57
96.1069 115.172
101.436 113.987
106.326 113.133
110.455 113.229
106.845 115.64
101.661 115.883
135.189 111.603
139.581 110.444
144.19 110.191
148.404 111.145
144.981 112.787
140.123 112.798
105.783 158.059
114.876 154.246
123.27 151.431
132.128 151.572
136.04 150.356
140.042 151.775
142.32 155.397
141.178 161.435
137.732 166.514
131.709 168.728
121.643 168.375
112.985 164.396
118.841 155.103
131.722 154.465
137.64 153.621
138.526 161.234
131.602 162.889
118.285 162.556
