101.721 100.692
105.363 98.6029
109.32 98.2924
112.938 99.4494
116.287 101.303
133.082 99.4911
140.859 97.443
149.095 96.577
157.036 98.7179
163.968 102.969
120.561 111.115
115.768 117.716
110.871 124.036
106.024 130.273
105.979 137.696
108.679 139.651
112.469 140.741
118.471 140.507
124.497 139.291
106.162 113.518
109.183 112.19
112.883 111.905
117.166 113.009
113.373 115.183
109.298 115.733
139.6 113.899
143.659 111.861
148.546 112.53
154.045 114.041
149.14 116.221
143.5 116.097
106.423 158.506
107.622 155.484
110.21 152.664
114.504 152.59
122.185 152.163
129.137 155.961
136.471 160.002
130.062 164.008
123.25 166.603
115.464 167.403
110.484 166.225
107.182 163.366
110.264 156.07
115.345 155.876
124.84 156.716
124.464 160.488
115.716 161.335
110.35 160.194
