95.0528 95.818
99.5523 94.7935
104.087 95.5946
108.645 97.2889
112.639 99.7177
131.144 99.4154
139.767 97.7161
148.091 97.0403
156.14 99.7431
162.976 104.05
118.952 110.424
115.313 117.081
111.69 123.676
108.119 130.67
106.45 140.918
109.483 142.289
112.258 143.1
118.122 143.298
124.279 142.634
99.8722 110.142
103.759 107.599
108.89 108.053
113.334 110.989
108.265 112.684
103.44 112.509
136.044 112.001
140.854 110.2
146.353 111.357
151.661 114.358
146.121 115.839
140.204 115.152
103.697 159.491
106.222 155.732
110.631 154.108
114.796 155.096
123.196 154.906
131.143 157.738
138.332 162.245
131.214 166.862
123.709 169.816
115.446 170.389
109.765 169.255
105.299 165.669
110.577 158.118
114.506 158.477
124.56 158.962
124.641 163.021
114.824 163.715
110.299 162.868
