102.411 104.718
105.658 102.719
109.491 102.409
113.406 102.617
117.089 103.19
131.718 100.839
138.366 98.7169
145.25 97.449
151.964 98.8204
157.691 102.509
123.292 108.31
122.052 113.717
120.726 119.21
119.506 124.914
118.336 132.149
120.549 132.309
123.645 132.181
127.1 131.629
130.949 131.304
106.665 114.102
109.395 110.688
113.916 110.056
118.256 111.815
114.511 113.965
110.069 114.561
136.61 110.009
140.211 107.362
145.038 106.922
149.972 109.072
145.527 111.022
140.575 111.299
114.938 148.896
116.559 144.354
120.238 141.247
124.851 140.952
131.207 139.883
137.743 141.975
143.282 145.502
138.856 149.589
133.376 152.243
126.962 153.222
122.115 153.25
117.736 151.932
119.794 144.243
125.526 143.119
133.649 142.765
134.058 148.026
125.973 149.44
120.437 149.623
