92.0079 103.196
97.253 100.84
103.173 100.787
108.905 101.855
114.627 103.398
134.303 103.865
140.265 102.28
146.455 101.599
152.539 102.704
157.603 105.943
124.128 112.008
123.838 118.418
123.43 124.5
123.009 130.623
115.897 136.097
119.391 137.139
123.278 137.806
126.982 137.41
130.408 136.68
99.1985 112.884
103.88 111.843
108.759 112.009
113.276 112.902
108.632 114.301
103.81 114.409
136.473 113.334
140.598 112.542
145.387 112.785
149.828 114.151
145.531 115.449
140.68 115.227
106.989 152.651
111.724 148.832
117.364 147.054
123.35 147.473
129.255 147.052
134.626 149.168
139.115 152.527
134.787 156.661
129.147 158.925
122.826 159.66
116.695 159.13
110.981 156.907
115.772 150.072
123.102 150.354
130.227 150.297
130.22 153.556
123.047 154.176
115.676 153.616
