94.1903 97.4922
98.9922 95.3922
104.649 96.2264
109.93 98.4696
114.704 101.157
136.431 104.343
143.262 103.79
150.41 103.932
157.067 106.241
160.655 111.552
122.863 112.388
120.946 118.132
119.028 124.009
117.181 130.022
112.144 135.984
114.732 136.982
117.972 137.982
121.804 138.392
125.541 138.984
100.773 108.99
105.437 107.598
110.319 108.305
114.002 110.889
109.234 112.292
104.501 111.547
137.029 115.961
141.421 114.747
146.513 115.501
151.292 118.103
146.241 119.408
141.137 118.452
104.995 153.045
107.737 149.6
112.007 147.516
116.56 148.885
122.806 149.351
127.573 153.553
131.076 158.517
126.677 160.183
121.382 160.765
115.719 159.924
111.361 158.385
107.711 156.026
111.478 151.434
116.46 152.077
122.806 153.585
122.421 155.576
116.503 154.084
111.58 153.393
