93.4169 102.11
97.1516 99.6057
102.094 99.4709
106.923 100.585
111.463 102.184
131.257 101.617
138.513 99.9045
146.102 99.2691
153.542 100.881
159.636 105.223
120.117 111.146
118.506 116.61
116.649 122.11
115.045 127.675
111.652 135.826
114.016 136.187
116.858 136.639
121.178 136.654
125.553 136.693
99.1671 113.812
103.078 111.036
107.928 111.082
112.598 113.402
107.772 115.08
103.221 115.081
135.452 113.997
139.809 111.599
145.28 111.826
150.725 114.525
145.354 115.831
140.14 115.687
106.078 151.711
109.215 148.637
113.319 146.619
117.594 146.457
124.641 146.796
130.91 149.782
136.889 153.427
131.451 155.785
125.104 156.907
118.284 156.905
113.536 156.279
109.342 154.616
112.722 150.303
117.997 150.133
126.726 151.021
127.015 152.277
118.504 151.65
112.686 151.488
