93.8069 105.871
97.0614 103.159
101.781 102.445
106.594 102.965
111.023 104.146
129.368 102.137
136.017 100.185
143.062 99.3761
150.029 100.722
155.448 104.926
119.189 111.992
117.961 117.539
116.492 122.979
115.236 128.452
111.884 136.192
114.321 136.092
117.138 136.304
121.122 136.258
125.369 136.248
99.628 115.755
103.115 113.427
107.386 113.146
111.58 114.757
107.5 116.452
103.272 116.757
133.473 114.288
137.778 111.917
142.777 111.672
147.863 113.807
143.005 115.158
138.118 115.346
106.889 150.69
109.734 147.712
113.569 145.736
117.66 145.787
124.207 145.504
130.676 147.291
136.775 150.287
131.034 152.037
124.976 153.299
118.699 153.638
114.438 153.34
110.33 152.519
113.051 149.309
118.127 149.116
126.36 149.264
126.429 149.479
118.47 149.135
113.253 149.312
