90.519 108.369
94.7329 104.175
100.555 102.458
106.768 103.09
112.678 104.282
134.528 102.947
140.145 100.965
145.963 99.8096
151.652 100.803
155.731 104.559
124.483 113.377
125.057 119.318
125.831 124.881
126.603 130.775
119.812 137.948
122.805 137.597
126.363 137.524
129.516 137.145
132.542 136.93
99.6932 116.723
104.12 114.886
108.574 114.28
112.295 115.39
108.446 117.685
103.936 118.05
135.594 114.031
139.798 112.718
144.239 112.806
147.953 114.4
144.133 115.952
139.62 115.826
112.555 152.084
117.068 149.596
121.747 147.751
126.766 147.889
132.354 146.97
137.44 148.41
141.738 150.706
137.639 153.107
132.679 155.018
127.077 155.676
121.643 155.388
116.743 153.996
120.732 151.221
126.844 150.979
133.383 150.56
133.373 151.012
126.78 151.652
120.545 151.672
