91.7937 107.797
95.5656 103.833
101.114 102.703
106.796 103.11
112.172 103.959
133.47 101.825
138.558 100.105
143.779 98.9189
148.972 99.6726
152.989 102.867
123.488 112.417
124.249 117.961
125.227 123.295
126.193 128.912
119.364 136.21
122.491 136.479
126.197 136.414
129.397 135.802
132.576 134.936
100.302 116.152
104.426 114.924
108.348 114.093
111.885 114.009
108.449 115.872
104.374 116.482
134.229 112.415
137.911 112.083
141.994 112.261
145.593 112.863
142.11 113.755
137.806 113.728
113.888 149.246
118.045 146.931
122.446 145.169
127.302 145.383
132.376 144.23
137.284 145.41
141.712 147.418
137.71 149.888
132.761 151.641
127.547 152.248
122.417 152.088
117.848 151.055
121.397 148.372
127.387 148.12
133.618 147.453
133.56 148.154
127.119 148.712
121.127 148.899
