90.6278 102.978
94.4027 99.2131
99.798 97.8502
105.298 97.9143
110.753 98.4961
134.97 96.5665
141.28 95.1366
147.601 94.4966
153.719 96.1711
158.325 100.614
123.079 107.376
122.825 112.157
122.562 116.689
122.285 121.545
116.02 131.686
119.092 130.945
122.473 130.854
126.245 130.851
130.017 131.506
98.1146 113.528
102.143 111.432
106.795 110.968
110.999 111.494
106.625 113.548
102.184 114.202
135.409 110.562
139.45 109.459
144.302 109.779
148.711 111.361
144.52 112.677
139.706 112.403
110.316 146.446
113.684 143.196
118.374 141.081
123.486 140.745
129.835 140.424
135.846 142.638
140.833 145.716
136.038 147.799
130.286 149.044
123.947 149.263
118.597 149.229
113.878 148.386
117.561 143.967
123.583 143.33
131.165 143.716
131.226 144.924
123.688 144.832
117.45 145.126
