93.9159 100.757
98.3962 96.777
104.233 95.1141
110.134 96.232
115.988 97.7871
139.516 100.574
144.428 100.477
149.564 100.849
154.607 102.615
158.607 106.293
125.932 108.393
125.548 112.579
125.162 116.615
124.801 120.95
117.044 131.164
119.88 131.495
123.056 131.926
126.655 132.45
129.819 132.994
98.9362 110.073
103.536 108.179
108.82 108.288
113.334 110.496
108.481 111.806
103.515 111.765
137.374 113.809
141.955 112.882
146.947 113.473
151.143 116.193
146.635 117.218
141.676 116.397
106.098 144.649
110.831 141.844
116.499 140.465
122.323 141.294
128.241 141.788
133.481 145.199
137.938 149.612
133.076 150.693
127.179 150.863
121.157 149.993
115.237 148.856
110.123 147.114
114.457 143.786
121.591 144.36
129.428 145.961
129.691 147.05
121.934 146.238
114.355 145.031
