94.5309 101.32
98.2431 97.3358
103.56 96.1098
108.943 97.2032
114.23 98.4592
136.789 100.726
143.4 100.924
149.846 101.581
155.75 103.865
159.883 109.094
124.07 108.659
122.724 112.688
121.531 116.697
120.332 121.058
113.882 132.28
116.538 132.572
119.722 133.012
123.565 133.456
127.058 134.1
99.735 112.108
103.889 110.196
108.515 110.174
112.631 111.807
108.326 113.013
103.886 113.196
137.688 115.361
142.201 114.377
147.108 115.291
151.49 118.035
146.702 118.502
141.763 117.475
105.011 148.642
108.778 145.116
113.828 143.062
119.123 143.312
125.777 144.153
131.297 147.502
136.083 152.459
130.794 153.584
124.808 153.466
118.48 152.986
113.139 152.425
108.556 151.022
113.639 146.952
118.821 147.191
126.007 148.276
125.816 149.123
118.934 148.166
113.445 148.048
