91.5659 101.916
95.8714 97.638
101.862 96.4014
107.881 97.5006
113.697 99.3736
135.841 101.464
141.931 101.047
148.154 101.362
154.027 103.39
158.241 108.01
122.874 109.932
122.113 114.542
121.516 119.188
120.795 124.151
113.142 133.44
116.2 133.583
119.533 134.122
123.43 134.546
126.759 135.193
96.5723 111.437
101.321 108.89
106.628 108.819
111.168 111.002
106.511 112.489
101.374 112.491
134.99 114.766
139.835 112.989
145.3 113.618
150.222 116.827
145.092 117.61
139.641 116.891
101.126 148.557
106.557 146.008
112.536 144.52
118.483 145.291
124.79 145.64
130.145 148.72
134.887 152.839
129.999 154.698
124.147 155.35
117.788 155.097
111.132 154.169
105.471 151.726
110.936 147.832
117.999 148.246
125.179 149.408
125.14 151.238
118.336 150.85
110.71 149.621
