89.706 102.874
94.3331 99.0138
100.542 97.5722
106.755 98.8074
112.714 100.938
134.857 103.839
141.436 103.207
148.218 103.594
154.539 105.691
159.162 110.443
122.129 112.327
121.062 117.573
120.065 122.649
119.081 128.178
111.873 136.27
114.944 136.828
118.425 137.675
122.767 137.899
126.565 138.334
95.9497 113.05
100.764 110.534
106.433 110.489
110.937 112.976
106.093 114.349
100.804 114.344
134.379 116.891
139.45 115.184
145.159 115.967
150.279 119.23
144.75 120.095
139.139 119.233
101.456 149.322
106.664 147.899
112.197 146.894
117.551 147.637
123.781 147.809
128.983 150.803
134.491 154.025
129.363 154.984
123.531 155.812
116.983 155.521
110.881 154.322
105.679 151.814
111.008 149.751
117.108 150.438
124.033 151.52
124.13 151.906
117.375 151.144
110.806 149.925
