92.6332 102.223
96.8847 98.7665
102.878 97.7206
108.754 99.1874
114.401 101.336
136.174 102.772
142.195 102.007
148.465 102.21
154.378 104.139
158.725 108.565
123.366 111.306
122.259 116.53
121.217 121.746
120.298 127.443
113.781 134.909
116.745 135.591
120.132 136.217
124.415 136.395
128.167 136.475
99.016 111.888
103.476 110.398
108.589 110.454
112.847 112.294
108.223 113.411
103.279 113.214
135.736 115.677
140.331 114.462
145.323 115.031
150.029 117.491
145.103 118.174
140.042 117.488
105.129 147.214
109.844 145.837
114.916 145.026
119.517 145.565
125.1 145.767
129.933 148.066
134.716 150.952
130.069 152.238
124.874 153.497
118.891 153.497
113.213 152.458
108.586 150.081
113.469 147.995
119.11 148.628
125.653 149.125
125.669 149.533
119.116 149.155
112.95 148.227
