95.2577 104.322
98.5148 100.863
103.321 99.3928
108.398 99.4479
113.237 100.68
133.316 99.4554
139.309 98.4837
145.487 97.9523
151.368 99.2309
156.163 103.15
122.508 107.616
121.451 111.08
120.427 114.518
119.533 118.104
115.528 129.383
118.002 129.139
121.059 129.033
124.969 128.82
128.284 128.658
101.851 113.547
105.226 109.824
109.768 109.5
114.536 111.711
110.117 113.697
105.797 114.002
136.233 111.901
140.06 109.178
145.212 109.03
149.827 112.155
145.077 113.216
140.284 113.189
109.15 149.354
110.969 143.225
115.42 138.871
121.341 138.209
128.028 138.468
133.777 142.334
137.266 147.979
133.615 151.146
128.369 153.025
122.285 153.616
116.87 154.078
111.856 152.642
115.39 142.629
121.593 140.66
128.835 142.048
128.59 149.504
121.868 149.557
115.949 150.406
