94.4404 104.338
97.6339 100.4
102.642 98.8721
108.055 98.9579
113.162 100.477
132.159 98.9102
138.13 97.3836
144.543 96.8363
150.556 98.1957
155.136 102.471
121.637 107.199
120.581 110.765
119.5 114.417
118.506 118.233
114.543 128.623
116.821 128.638
119.785 128.592
123.897 128.418
127.373 128.027
100.879 113.08
104.396 109.127
109.094 108.804
113.421 111.315
109.236 113.389
104.835 113.756
135.192 111.414
139.195 108.316
144.389 108.16
148.685 111.785
144.039 112.985
139.34 112.834
109.006 148.64
110.501 142.598
114.699 138.373
120.427 137.785
127.143 137.772
132.913 141.621
136.434 147.293
132.941 150.453
127.929 152.406
121.802 153.252
116.395 153.6
111.502 151.94
114.727 142.292
120.866 140.643
128.232 141.661
128.181 148.77
121.29 148.864
115.396 149.595
