93.53 103.14
99.9722 99.6485
107.147 98.1062
114.616 99.5686
121.57 102.115
137.284 105.715
141.321 105.588
145.507 106.116
149.105 107.521
151.536 110.818
130.198 112.851
131.209 118.124
132.59 123.185
133.732 128.343
120.665 136.462
124.688 137.634
128.506 138.414
131.628 138.943
133.574 138.862
104.879 114.211
109.254 114.591
113.372 114.783
116.889 114.169
113.288 115.344
109.084 115.176
135.616 117.926
139.165 120.018
142.674 121.946
145.232 123.039
142.237 122.47
138.64 120.962
106.14 153.212
112.499 149.442
119.443 146.838
126.645 147.563
131.606 148.452
134.441 152.586
134.156 157.663
132.476 160.378
128.713 161.831
124.221 161.145
117.361 160.025
111.077 157.473
116.994 150.023
126.094 149.821
130.87 152.028
129.353 158.398
125.211 157.804
116.563 156.546
