84.5131 101.461
89.6081 96.5847
96.4626 95.2206
103.326 96.4903
110.005 99.1987
135.951 99.3167
143.18 96.5476
150.73 95.1524
158.384 96.4202
164.008 101.682
121.81 109.656
121.079 116.122
120.481 122.391
120.102 128.731
113.711 137.673
117.194 138.374
120.993 138.679
125.9 138.466
130.487 138.077
94.4445 113.218
99.0832 110.847
104.33 110.726
109.408 112.546
104.492 113.622
99.1778 113.903
138.297 112.183
143.546 110.126
149.429 110.196
154.927 112.819
149.427 113.885
143.549 113.611
105.683 158.063
109.635 154.067
115.28 150.922
121.747 150.372
128.885 150.2
135.343 153.259
140.887 157.349
135.677 160.841
129.521 163.367
122.708 164.116
116.009 164.009
110.07 161.932
114.198 155.526
121.666 154.336
131.112 154.955
131.051 157.34
122.151 157.807
114.577 157.816
