81.5671 102.221
86.661 96.6097
93.9828 95.0827
101.745 96.3008
109.198 98.6088
133.861 97.1785
142.427 94.8151
151.107 93.2113
159.773 94.8852
166.474 100.621
120.739 108.73
119.818 115.405
118.969 122.147
118.446 129.1
112.824 140.739
116.655 141.192
120.742 141.305
125.933 140.513
131.057 139.345
92.9915 114.703
97.891 111.208
104.042 110.916
108.999 113.177
103.959 114.906
98.196 115.284
138.129 112.476
143.187 109.527
149.724 109.407
155.857 112.284
149.776 113.626
143.588 113.657
103.654 163.477
107.14 157.321
113.334 152.504
121.168 152.247
129.996 151.842
138.095 155.976
144.519 161.567
139.849 168.402
132.426 173.125
123.298 174.648
114.744 174.651
107.343 170.671
112.2 158.25
121.156 156.931
132.792 157.451
133.525 166.845
122.361 168.27
113.188 167.939
