84.9114 102.728
89.9112 96.8727
97.1458 94.4966
104.939 94.7992
112.204 96.8402
137.775 96.062
145.931 93.6893
154.714 92.2752
163.408 93.6691
170.116 99.159
123.264 107.335
122.26 114.102
121.232 120.795
120.281 127.724
113.032 139.626
116.949 140.147
121.174 140.217
126.929 139.701
132.115 138.457
93.5472 115.336
98.2644 111.975
104.354 111.698
109.555 113.584
104.534 114.675
98.7872 115.189
143.079 113.09
148.473 110.364
154.747 110.193
160.866 113.064
154.92 113.633
148.769 113.657
101.091 162.679
106.473 157.118
113.79 153.302
121.999 152.835
130.779 152.627
138.781 155.995
144.708 161.518
138.715 166.433
130.659 169.158
121.836 169.953
113.748 169.764
106.034 167.836
111.775 158.412
121.941 156.736
132.818 157.896
131.82 163.34
121.41 163.847
112.089 164.01
