81.4951 103.002
86.363 95.9848
94.285 93.3358
102.838 93.6447
110.742 95.8056
137.017 94.9219
146.538 92.4092
156.695 90.8744
166.505 93.7365
173.674 100.696
121.644 107.926
120.41 114.168
118.979 120.753
117.853 127.562
110.634 140.482
114.818 141.494
119.623 141.663
126.135 140.724
132.094 139.356
92.1401 117.725
97.4029 113.404
104.221 112.924
110.074 114.785
104.325 116.693
98.0388 117.575
142.499 113.889
147.983 110.784
155.189 110.813
161.11 114.125
155.082 115.195
148.457 115.192
101.078 167.857
104.388 159.217
111.346 153.075
120.167 152.236
130.663 151.987
140.362 157.021
147.022 164.879
140.706 170.983
131.626 175.115
121.462 176.306
112.769 176.72
105.051 173.884
109.573 159.141
120.106 156.011
134.522 158.033
134.251 168.177
120.733 169.397
110.642 169.973
