85.9967 102.958
90.7336 97.4461
97.4361 95.288
104.673 95.3357
111.476 97.0452
135.735 95.7642
144.341 93.6807
153.211 92.0453
161.963 93.8328
168.915 99.3197
122.643 106.511
121.626 112.892
120.476 119.277
119.68 126.15
112.858 138.856
116.882 139.657
121.461 139.687
126.97 138.808
132.185 137.564
94.5518 115.021
99.2198 111.295
105.712 110.949
110.836 113.014
105.578 114.747
99.5977 115.301
140.829 111.736
146.055 108.638
152.862 108.622
159.105 111.855
152.851 112.688
146.433 112.773
104.162 162.147
108.291 156.169
114.446 151.539
121.842 151.128
130.712 150.525
139.07 154.292
146.012 159.949
140.673 166.413
132.666 170.69
123 172.053
114.764 171.997
107.648 168.492
112.833 157.086
121.744 155.329
133.141 156.306
133.708 164.527
122.543 165.636
113.507 165.744
