84.5825 102.075
89.771 96.4097
97.0316 94.5473
104.5 94.9693
111.632 96.5797
139.748 95.3437
148.244 92.9622
157.171 91.724
165.867 93.7303
172.292 99.7548
123.568 107.714
122.483 114.552
121.329 121.328
120.33 128.405
113.891 140.31
117.339 141.002
121.342 141.354
127.175 140.506
132.335 139.204
93.367 115.146
98.0677 111.566
104.361 111.098
109.952 113.334
104.593 114.918
98.7406 115.524
143.633 112.4
149.048 109.196
155.499 109.242
161.687 112.431
155.589 113.301
149.274 113.393
102.493 163.992
107.272 158.759
114.003 154.977
121.646 154.357
130.444 154.072
138.446 156.935
145.087 161.381
138.546 164.972
130.528 167.232
121.935 168.047
114.639 168.242
107.493 167.312
112.534 160.023
121.598 158.735
132.243 159.174
131.888 160.998
121.554 161.225
112.991 161.927
