83.1257 102.344
86.9647 96.2031
93.0012 92.9159
99.7212 92.7922
106.236 94.8168
135.089 94.2666
142.902 92.3603
150.889 91.6274
158.533 93.8223
165.061 98.6194
121.384 109.357
121.262 116.904
120.961 124.449
120.971 132.113
114.6 141.921
118.457 142.724
123.253 142.894
128.854 141.744
134.079 140.058
94.2788 115.75
98.6228 111.499
104.861 111.527
110.031 114.721
104.87 117.028
99.0018 117.524
139.421 112.893
143.778 108.609
150.171 108.04
156.682 111.493
150.891 113.534
144.607 114.225
104.977 162.267
109.931 156.985
116.676 153.464
124.283 153.087
133.271 151.852
141.87 154.318
149.511 158.086
143.853 165.595
135.607 171.376
125.766 173.861
116.919 173.743
109.363 169.08
115.22 158.161
124.076 156.665
136.056 156.324
137.087 164.982
125.012 167.539
115.149 167.137
