84.5816 103.755
88.4534 97.3708
94.7972 94.0159
101.866 94.2705
108.745 96.5049
133.538 96.3672
141.966 94.186
150.753 93.271
158.97 96.1699
165.629 101.601
121.711 110.193
121.466 117.608
121.115 125.076
120.865 132.76
114.24 141.852
118.119 142.984
122.964 143.344
128.567 142.204
133.92 140.362
95.2985 116.819
99.7509 113.128
105.536 113.241
110.876 116.028
105.841 118.142
100.079 118.501
139.182 114.513
143.632 110.553
149.791 109.997
156.138 113.1
150.604 115.006
144.301 115.689
105.658 163.867
109.248 157.546
115.854 153.438
123.622 153.085
133.045 152.056
141.71 155.223
148.534 160.142
143.999 168.996
136.012 175.813
125.767 178.342
116.479 177.435
109.507 171.418
114.292 157.996
123.709 156.311
135.991 156.368
137.759 169.112
125.151 172.142
114.535 170.672
