83.7642 105.561
88.2994 99.3706
95.2343 97.4038
102.904 97.8278
110.147 99.7296
132.937 98.3567
140.957 95.7367
149 94.3751
157.158 96.2673
164.051 101.568
121.634 111.424
122.395 118.863
122.808 126.504
123.463 134.454
115.417 141.04
119.563 142.502
124.507 142.66
130.321 141.31
135.224 138.874
93.4494 116.166
97.9369 112.312
104.152 112.349
109.438 115.229
104.131 117.389
98.2814 117.762
136.298 112.713
141.028 108.264
147.615 107.743
154.278 110.85
148.425 113.21
141.995 113.621
107.982 159.598
112.983 154.909
119.138 152.161
125.592 151.96
133.751 150.402
141.657 151.478
149.1 153.878
144.917 163.249
138.308 171.253
127.859 175.08
118.51 174.258
112.126 167.512
117.394 156.163
125.566 155.203
136.877 153.548
139.534 164.377
127.13 169.388
117.034 167.152
