84.2056 106.118
88.5953 100.01
95.2663 97.7528
102.473 97.9548
109.329 99.8851
132.644 98.6448
140.126 95.9913
147.668 94.3875
155.403 95.6617
162.295 100.381
122.015 111.131
123.083 118.916
123.758 127.032
124.637 135.328
116.508 141.136
120.689 142.47
125.587 142.647
131.341 141.099
136.14 138.355
94.5215 116.219
99.0908 112.325
105.215 112.233
110.53 115.23
105.433 117.594
99.4782 118.146
135.474 112.325
140.371 108.103
146.724 107.478
153.356 110.055
147.74 112.802
141.242 113.318
109.052 159.021
114.076 154.863
119.936 152.257
126.259 152.021
134.146 150.454
141.84 151.175
149.209 152.923
145.335 162.048
139.073 169.89
129.017 173.803
119.757 173.094
113.395 166.757
118.11 156.105
126.368 155.309
137.334 153.413
139.945 163.321
128.024 168.113
117.813 166.095
