99.3277 92.6935
105.668 90.8163
112.348 91.0119
118.611 93.2572
123.789 97.2149
137.616 107.408
140.518 107.26
143.291 107.54
145.629 108.916
147.542 111.504
128.948 115.867
130.402 121.649
132.523 127.326
134.552 133.411
118.68 140.9
123.213 142.302
127.535 143.018
129.649 143.309
131.311 143.112
101.835 109.775
106.272 110.278
110.009 111.65
113.044 113.712
109.504 113.598
105.488 112.409
130.885 120.314
134.475 121.411
137.926 122.712
139.214 124.669
136.379 124.702
133.292 123.366
103.463 153.314
109.985 151.903
117.176 151.673
123.873 153.938
127.348 155.097
128.619 158.322
127.998 161.477
125.869 162.998
122.982 163.182
119.841 162.439
114.113 160.253
108.767 156.933
114.299 154.697
122.353 156.818
125.28 158.157
125.258 158.839
121.993 157.862
113.943 155.475
