94.5351 92.353
101.502 89.9021
108.852 90.9595
115.424 94.7321
120.893 99.2931
133.918 109.209
137.973 108.661
142.036 108.904
145.645 109.985
148.065 113.048
127.45 114.914
128.463 120.124
130.015 125.285
131.498 130.56
115.277 138.064
119.15 139.909
123.447 141.687
126.194 142.483
128.359 142.763
99.6207 108.366
103.885 108.617
107.944 109.483
111.618 112.053
107.548 111.987
103.335 110.509
130.305 120.851
133.952 121.603
137.311 122.92
139.087 125.749
135.936 125.081
132.876 123.581
101.355 153.189
107.74 150.634
114.688 149.246
121.375 151.348
125.918 153.168
127.184 158.067
126.597 162.964
124.204 165.215
120.526 165.402
116.651 164.127
110.676 161.756
105.484 157.809
111.487 153.192
119.562 154.758
123.349 157.885
122.614 160.226
118.579 158.378
111.03 155.792
