94.6384 96.9387
101.349 94.4796
108.474 94.7237
115.139 97.3226
121.238 100.903
137.436 106.957
142.719 106.584
148.154 107.089
153.104 109.167
156.048 113.395
127.752 112.109
127.473 116.897
127.474 121.695
127.398 126.615
116.368 133.544
120.066 135.295
123.781 136.608
126.554 136.801
129.105 136.404
101.814 109.29
106.447 109.604
110.752 110.413
114.443 111.395
110.146 111.734
105.887 111.005
135.327 117.81
139.101 118.982
143.42 120.405
147.193 122.563
143.24 121.772
139.09 120.192
105.399 148.861
110.549 145.439
116.482 143.784
122.556 145.172
127.215 146.02
130.393 149.813
130.597 154.554
128.002 157.391
123.9 157.986
119.704 157.067
113.976 155.681
108.909 152.869
113.97 146.672
121.869 147.871
126.893 149.945
125.563 153.906
120.406 152.971
113.21 151.237
