92.4474 99.301
99.1391 96.5912
106.449 96.6996
113.358 99.1624
119.822 102.592
137.566 107.379
143.253 106.777
149.127 107.359
154.638 109.408
157.81 114.315
126.927 112.168
126.486 117.52
126.393 122.843
126.204 128.191
116.577 135.462
119.895 136.586
123.405 137.47
126.239 137.464
128.502 137.197
100.159 111.652
104.529 111.731
109.347 112.357
113.824 113.053
109.178 113.69
104.406 113.089
135.438 118.345
139.084 119.277
143.606 120.744
147.805 122.571
143.531 121.918
139.351 120.514
105.197 151.503
110.319 147.465
116.272 145.384
122.678 146.476
127.311 147.346
130.296 151.311
130.912 155.952
128.135 159.417
123.803 160.509
119.056 159.719
113.175 158.313
108.545 155.44
113.184 149.185
121.56 149.504
127.121 151.538
125.677 155.953
120.19 154.958
112.596 153.879
