83.1585 101.923
89.256 96.4999
97.4794 94.8614
105.765 95.7615
113.685 98.314
137.228 100.116
143.416 98.1668
150.108 97.2096
157.023 97.734
161.658 102.738
125.568 109.313
126.143 116.69
126.879 123.768
127.727 130.75
117.03 138.239
121.45 139.432
126.429 140.008
130.619 139.476
134.114 138.624
94.3624 114.683
99.8726 115.935
105.858 115.545
110.917 113.149
105.606 115.272
99.5784 115.857
136.415 114.225
141.056 116.793
146.659 117.294
151.862 116.338
147.118 117.201
141.526 116.367
104.327 159.147
110.531 153.983
118.129 150.923
126.55 151.261
133.277 150.603
139.333 153.566
143.216 158.502
138.879 162.67
132.973 165.502
125.935 166.192
117.739 165.868
110.443 163.15
116.472 154.962
126.229 154.463
133.878 154.809
133.323 159.202
125.852 159.951
116.587 159.445
