95.9241 93.8849
103.334 90.7123
111.309 90.4355
118.641 93.254
125.333 97.2382
142.904 104.253
145.787 104.298
148.246 104.112
150.522 104.791
151.744 107.362
134.409 111.359
137.921 119.545
141.675 127.521
144.918 135.891
123.256 142.161
129.609 144.381
135.161 146.095
138.548 146.061
141.285 145.102
100.738 106.564
106.659 107.633
111.68 108.523
114.75 110.865
110.845 110.899
105.778 109.419
138.385 117.618
142.848 118.325
146.316 119.572
147.776 121.769
144.862 121.897
141.701 120.448
99.3703 155.932
110.04 155.306
120.592 155.701
130.27 158.025
134.119 159.494
135.136 161.817
134.523 164.141
133.749 170.862
130.316 175.57
124.445 176.175
114.073 172.515
105.856 165.01
114.956 158.721
127.883 161.071
131.949 162.414
130.896 168.044
125.999 169.209
113.019 164.252
