80.6606 98.155
88.8305 95.0634
98.21 95.0307
107.464 97.242
116.132 100.879
138.541 102.719
145.694 100.564
153.424 99.518
160.963 99.7168
166.712 103.625
127.974 111.574
128.201 121.78
128.41 131.866
128.585 141.882
113.52 144.28
119.267 147.276
125.779 148.702
131.669 148.024
136.622 145.482
91.6275 111.485
97.9987 113.253
104.554 113.225
110.737 111.964
104.525 114.426
97.5993 114.445
139.208 114.436
145.173 116.445
151.443 117.338
156.93 116.8
151.458 118.308
145.081 117.3
98.6931 157.517
107.488 157.306
115.896 157.779
124.145 159.169
130.353 158.613
136.384 158.989
142.816 159.902
137.379 166.627
130.898 171.475
122.475 172.736
112.393 170.77
104.48 164.995
111.831 160.133
123.687 161.944
132.634 160.889
132.391 164.066
122.928 165.83
110.853 163.391
