92.9026 93.1538
100.646 90.9786
108.585 91.3216
116.239 94.7746
123.217 99.235
139.598 104.23
143.905 103.316
148.531 102.536
152.909 103.142
155.507 106.082
130.975 112.105
132.063 120.212
133.378 128.324
134.607 136.07
116.023 139.573
120.927 141.354
125.922 143.305
130.038 143.613
133.227 143.016
97.9056 108.738
103.04 111.169
107.783 111.908
112.214 110.654
107.88 112.352
102.438 111.731
136.08 116.534
139.693 118.803
143.458 120.704
146.535 120.656
143.247 120.924
139.371 119.41
95.3436 150.042
104.878 150.215
114.068 151.197
122.635 153.379
126.393 153.658
129.194 154.672
130.444 156.156
127.617 161.919
123.631 166.396
117.368 167.41
108.249 164.219
100.716 157.748
109.11 152.797
120.975 155.873
125.459 155.764
124.21 159.969
118.677 161.859
107.068 157.301
