90.5203 96.891
98.2449 94.019
107.002 94.4231
115.226 97.6203
122.763 102.064
136.674 106.685
141.932 105.318
147.245 104.662
152.424 104.834
155.646 108.117
130.035 113.396
131.051 121.681
132.382 130.093
133.454 138.103
116.188 140.394
121.075 142.22
125.921 143.852
130.05 143.924
132.886 143.272
97.8682 110.537
102.522 113.587
107.105 113.904
111.595 112.132
107.518 113.627
102.481 113.23
136.033 116.866
139.843 120.036
143.514 121.348
146.523 120.376
143.285 120.593
139.635 119.432
95.6772 150.141
104.904 150.329
114.111 151.133
122.796 152.977
126.829 153.22
129.864 154.085
132.102 155.813
129.51 162.297
125.207 167.078
118.631 167.993
108.883 165.287
101.051 158.453
109.032 153.262
121.377 155.704
126.493 156.021
126.097 159.298
119.955 161.07
107.455 156.801
