81.8547 101.145
88.3093 96.445
96.3154 94.9902
104.434 95.8103
112.331 98.1259
137.746 98.6746
144.926 97.2526
152.312 96.6608
159.648 97.813
165.144 102.575
125.019 109.19
125.274 117.449
125.59 125.553
125.905 133.743
116.121 140.479
120.141 142.031
124.999 142.656
130.155 141.81
134.355 140.157
92.6025 114.527
98.1304 114.434
104.073 113.856
109.479 112.802
104.073 114.346
98.2227 114.893
139.238 113.786
144.293 115.297
150.157 115.716
155.465 115.889
150.205 116.289
144.617 115.527
103.643 158.761
110.25 155.711
117.374 153.442
125.217 153.623
132.364 153.269
139.11 155.634
145.116 159.065
139.496 163.108
132.865 166.177
125.041 166.936
116.777 166.396
109.66 163.024
115.189 157.335
124.857 157.006
133.982 157.314
134.165 160.009
124.9 160.652
115.291 160.19
