78.7586 107.386
85.3202 101.89
93.5703 99.2477
102.448 98.7066
111.099 99.7091
135.852 97.813
142.898 95.3323
150.324 93.7864
157.918 94.3394
163.622 98.512
124.9 109.718
126.333 117.17
127.877 124.554
129.462 131.982
118.322 141.446
123.474 142.178
128.986 142.294
133.925 140.798
137.939 138.493
92.2593 118.311
97.1689 115.826
103.365 114.874
108.793 115.64
103.682 117.691
97.7975 118.533
139.122 112.52
144.283 110.576
150.415 110.338
155.543 112.1
150.336 113.634
144.505 113.745
108.139 159.774
115.069 156.648
122.453 154.089
130.463 153.763
137.082 152.068
143.922 153.416
150.757 155.358
144.944 158.633
138.445 161.245
131.423 162.433
123.284 162.663
115.358 161.653
120.599 157.776
130.72 157.063
139.225 155.798
139.186 156.361
130.844 157.837
120.991 158.23
