93.585 100.539
98.5658 98.6705
104.411 99.5175
110.034 101.689
115.371 103.975
131.204 104.359
136.756 102.915
142.584 101.813
148.336 101.917
152.69 104.543
124.08 111.598
123.674 118.229
123.412 124.711
123.147 131.028
116.567 133.577
119.704 135.35
123.332 136.027
126.841 135.59
129.878 133.997
101.957 112.873
105.815 113.247
110.319 112.99
114.432 112.014
110.366 114.015
105.932 114.388
133.185 112.554
136.933 114.389
141.09 114.937
144.989 114.474
141.206 115.873
136.92 115.073
108.73 145.857
113.502 144.102
118.432 142.81
123.434 143.231
128.222 142.657
132.899 144.117
137.107 146.368
132.95 148.93
128.322 150.482
123.317 150.605
117.88 150.236
113.101 148.584
116.894 145.812
123.354 146.074
129.601 145.965
129.394 145.799
123.325 146.087
116.846 145.876
