93.9968 100.99
99.4063 99.6192
105.443 101.067
111.126 103.542
116.386 105.997
131.691 105.978
137.385 104.252
143.334 103.119
149.092 103.147
153.879 105.476
124.248 112.393
123.964 118.993
123.864 125.535
123.825 131.987
116.673 134.583
120.01 136.302
123.756 137.064
127.369 136.649
130.437 135.101
102.382 113.53
106.257 114.217
110.784 114.039
115.039 112.92
110.959 115.018
106.399 115.207
133.559 113.451
137.302 115.182
141.473 115.68
145.5 115.198
141.634 116.835
137.318 116.142
109.135 147.703
113.762 145.895
118.717 144.377
123.773 144.886
128.804 144.27
133.693 145.649
137.92 147.862
133.526 150.669
128.701 152.532
123.376 152.758
118.007 152.37
113.306 150.47
116.727 147.224
123.742 147.555
130.542 147.396
130.18 147.381
123.514 147.729
116.763 147.512
