93.3063 100.833
98.2478 98.7483
103.944 99.5487
109.382 101.593
114.674 104.247
131.43 105.802
137.032 104.354
142.988 103.612
148.88 104.299
153.511 107.414
122.745 111.928
121.897 118.611
121.257 125.228
120.544 131.683
114.14 133.782
117.234 135.623
121.025 136.459
124.836 136.222
128.143 134.975
101.43 112.308
104.993 112.587
109.178 112.491
113.234 112.148
109.363 113.653
105.195 113.789
132.815 113.956
136.443 115.565
140.396 116.224
144.388 116.272
140.582 117.225
136.506 116.424
106.583 147.279
111.196 145.114
116.235 143.853
121.557 144.213
126.991 143.957
132.24 145.659
136.67 148.647
131.65 150.457
126.519 151.504
121.306 151.482
115.983 150.964
111.105 149.456
114.433 146.557
121.567 146.97
128.694 147.199
128.465 147.092
121.492 146.864
114.425 146.621
