94.308 100.783
99.2826 98.8943
105.147 99.9748
110.722 102.02
116.077 104.075
132.59 104.433
138.428 103.164
144.395 102.389
150.135 102.786
154.567 105.566
124.763 111.768
124.223 118.495
123.818 125.085
123.397 131.47
116.972 134.323
120.172 135.966
123.739 136.671
127.252 136.301
130.451 134.985
102.201 112.956
105.77 113.589
110.215 113.205
114.56 111.907
110.499 113.886
106.12 114.25
134.466 112.991
138.232 115.098
142.482 115.764
146.468 115.197
142.561 116.47
138.207 115.548
109.488 147.225
114.19 145.26
119.193 144.031
124.402 144.546
129.306 144.016
134.24 145.283
138.73 147.554
134.318 150.397
129.41 152.201
124.127 152.371
118.533 151.976
113.78 150.146
117.869 146.837
124.439 147.289
130.603 147.093
130.406 146.892
124.334 147.235
117.76 147.047
