93.8938 101.714
98.6395 99.4795
104.338 100.358
109.9 102.559
115.271 105.21
131.563 106.864
137.657 105.474
143.998 104.715
150.273 105.664
155.139 109.272
123.028 112.261
121.973 119.282
121.214 126.329
120.473 133.298
113.712 135.219
116.911 137.296
120.817 138.308
125.075 137.96
128.807 136.6
101.268 113.24
105.121 113.941
109.599 113.741
113.849 112.711
109.78 114.131
105.388 114.367
133.688 114.645
137.609 116.914
141.894 117.618
146.195 117.251
142.021 117.954
137.703 117.046
106.551 148.166
111.449 146.526
116.405 145.415
121.543 146.091
127.125 145.807
132.404 147.799
136.927 150.775
131.587 152.292
126.247 153.142
120.754 152.918
115.532 152.355
110.789 150.554
114.313 148.026
121.475 148.846
128.844 149.185
128.509 148.716
121.287 148.446
114.241 147.889
