95.6335 101.171
100.242 99.2639
105.815 99.8626
111.238 101.821
116.444 104.443
133.94 105.44
139.632 104.198
145.371 103.637
150.984 104.174
155.247 107.363
124.699 111.963
123.78 118.624
123.083 125.426
122.469 132.233
116.414 134.462
119.406 136.01
122.788 136.856
126.539 136.737
129.732 135.572
102.833 110.651
107.142 109.797
111.574 110.106
115.518 111.547
111.475 112.107
107.09 111.854
135.5 113.528
139.793 113.413
144.117 113.631
148.178 114.889
144.092 115.518
139.782 114.895
108.573 147.152
113.163 145.274
117.989 144.046
123.043 144.781
128.304 144.338
133.19 146.201
137.107 149.067
132.43 151.1
127.538 152.166
122.443 152.005
117.314 151.463
112.663 149.704
116.407 146.946
122.849 147.585
129.123 147.792
128.792 147.269
122.731 147.091
116.385 146.72
