93.4174 100.519
98.3289 99.1478
103.832 100.269
109.164 102.337
114.394 104.886
131.341 106.427
137.186 105.307
143.077 104.747
148.807 105.267
153.238 108.318
122.622 111.788
121.726 118.832
121.01 125.972
120.382 133.113
114.609 134.812
117.545 136.387
120.813 137.269
124.652 137.078
127.998 135.744
100.498 110.661
104.889 109.958
109.38 110.192
113.33 111.844
109.196 112.691
104.682 112.385
133.45 113.831
137.792 113.9
142.172 114.056
146.146 115.234
142.278 116.216
137.797 115.669
106.511 147.44
110.908 145.495
115.86 144.307
120.962 145.135
126.416 144.665
131.613 146.567
135.77 149.653
130.955 151.704
126.018 152.876
120.672 152.695
115.293 152.195
110.598 150.206
114.203 147.412
120.849 147.87
127.681 148.264
127.534 148.093
120.88 147.775
114.265 147.48
