93.3652 102.726
98.366 101.038
104.118 101.852
109.72 103.681
115.292 105.989
132.42 107.108
138.375 105.712
144.502 104.951
150.604 105.167
155.484 108.177
123.031 113.644
122.291 120.517
121.636 127.453
121.156 134.413
114.868 137.287
118.048 139.109
121.813 139.934
125.997 139.455
129.562 137.789
100.942 112.627
105.152 111.872
109.986 112.033
114.448 113.368
109.989 114.179
105.263 114.097
133.788 115.053
138.615 115.084
143.377 115.131
147.936 116.33
143.406 116.97
138.615 116.536
108.39 151.451
112.771 149.27
117.556 147.667
122.755 148.21
128 147.558
133.068 149.282
137.071 152.283
132.466 154.362
127.637 155.477
122.533 155.591
117.582 155.261
112.867 153.735
115.861 150.491
122.68 151.112
129.479 150.994
129.328 150.719
122.685 150.705
116.108 150.64
