94.1713 102.111
98.8797 100.614
104.339 101.651
109.551 103.597
114.681 106.075
131.739 107.209
137.408 105.814
143.25 105.033
148.999 105.52
153.38 108.495
122.469 113.238
121.717 119.803
121.021 126.426
120.542 132.987
114.013 135.833
117.12 137.452
120.701 138.212
124.68 137.888
128.251 136.37
101.211 112.26
105.043 111.404
109.58 111.719
113.671 112.867
109.515 113.739
105.11 113.651
132.927 114.815
137.358 114.699
141.768 114.99
145.878 116.353
141.784 116.964
137.392 116.462
105.651 149.098
110.584 147.217
115.642 145.824
120.987 146.402
126.297 145.962
131.434 147.694
135.573 150.437
130.755 152.389
125.752 153.595
120.588 153.661
115.354 153.218
110.264 151.551
113.581 148.637
120.805 149.263
127.742 149.202
127.467 148.915
120.706 148.908
113.696 148.699
