92.7974 100.916
97.7117 98.9233
103.416 99.5638
108.951 101.373
114.379 104.001
130.774 105.18
136.416 103.753
142.299 102.976
148.108 103.335
152.723 106.181
121.986 110.409
121.273 117.157
120.688 123.932
120.209 130.734
113.818 133.93
116.954 135.162
120.392 135.773
124.176 135.608
127.732 134.408
100.162 109.988
104.248 109.502
108.847 109.662
113.038 110.64
108.815 111.041
104.338 110.862
132.768 112.396
137.261 112.582
141.638 112.737
145.913 113.541
141.753 114.011
137.264 113.56
105.417 146.763
110.201 144.873
115.255 143.631
120.641 144.242
125.977 143.727
131.139 145.321
135.072 148.331
130.632 150.103
125.721 151.271
120.425 151.2
115.063 150.632
110.074 149.043
113.395 146.536
120.644 147.126
127.499 147.192
127.556 146.857
120.7 146.738
113.478 146.367
