92.6428 102.327
97.9828 99.9044
104.339 99.6373
110.651 101.411
116.545 104.123
132.184 105.992
137.644 104.274
143.386 103.366
148.884 104.173
153.07 107.292
124.47 111.075
124.426 117.154
124.461 123.241
124.519 129.328
116.723 133.502
119.963 134.444
123.46 135.017
126.581 134.675
129.225 133.895
100.436 111.19
104.934 110.132
109.766 110.383
114.091 112.253
109.449 113.246
104.76 112.843
133.308 113.816
138.019 112.881
142.773 113.109
146.815 114.953
142.649 115.946
138.021 115.414
107.916 147.574
112.647 145.013
117.69 142.652
123.309 143.068
127.999 142.739
132.296 145.408
135.442 148.789
131.798 149.821
127.777 150.647
123.493 150.791
118.013 150.516
112.733 149.244
115.45 146.182
123.281 146.07
129.501 146.598
129.297 146.651
123.453 146.225
115.926 146.22
