87.653 102.781
93.781 98.7796
101.049 97.7884
108.428 99.2257
115.292 102.01
130.884 104.167
136.488 103.306
142.427 103.292
148.136 104.586
152.313 108.692
123.216 111.358
123.696 116.448
124.368 121.376
124.942 126.466
115.52 134.573
119.341 135.456
123.475 135.996
126.433 135.775
129.111 135.601
96.5301 112.825
101.323 112.15
106.147 112.414
110.314 113.47
105.891 114.695
101.103 114.435
131.687 115.594
136.111 115.917
140.97 116.851
145.025 118.811
140.547 119.164
135.998 118.072
105.624 151.006
110.752 147.471
116.542 144.977
123.077 145.125
128.059 145.507
131.993 149.044
134.639 153.494
130.978 153.44
126.912 152.752
122.867 152.371
117.09 152.296
111.241 151.921
114.975 148.35
122.983 148.181
128.66 149.312
128.444 149.763
122.886 148.685
115.289 148.933
