90.1006 103.549
95.9722 99.5778
102.86 98.3716
109.958 99.9333
116.697 102.774
133.523 104.808
139.113 103.896
144.923 104.042
150.448 105.536
154.441 109.596
125.279 112.108
125.783 117.096
126.481 121.998
127.073 127.026
117.559 134.773
121.258 135.831
125.386 136.539
128.551 136.177
131.107 135.768
98.3779 113.437
103.327 112.839
108.25 113.065
112.497 114.154
108.018 115.375
103.142 115.129
133.721 116.188
138.193 116.41
142.982 117.4
147.027 119.349
142.537 119.661
137.994 118.567
107.824 151.614
112.94 148.213
118.617 145.661
125.005 145.863
129.888 146.028
133.737 149.513
136.168 153.811
132.441 153.436
128.681 152.752
124.933 152.573
119.229 152.431
113.516 151.985
117.294 148.858
124.847 148.738
130.32 149.727
130.215 150.094
124.934 149.131
117.495 149.282
