91.9815 99.8444
99.0005 96.9745
106.504 96.5337
113.567 98.8157
120.079 102.463
134.293 107.637
139.751 107.154
145.568 107.596
150.749 109.799
153.818 114.449
126.349 111.71
126.463 116.796
126.748 121.862
127.102 127
115.674 134.179
119.513 135.422
123.448 136.569
126.601 136.967
129.324 137.078
98.9901 110.499
103.831 111.272
108.226 112.131
112.499 112.192
107.975 112.138
103.407 111.577
134.067 118.076
137.745 119.762
142.315 121.02
146.375 122.757
142.279 121.432
137.999 119.943
103.749 149.503
109.222 145.734
115.715 143.712
122.373 144.947
127.729 146.039
130.918 150.583
131.985 156.002
128.836 159.273
124.117 160.253
119.102 159.115
112.677 157.51
107.336 154.114
112.797 147.099
121.616 148.134
127.097 150.323
125.688 155.367
120.284 154.22
112.122 152.249
