93.2674 98.7751
99.5222 96.5441
106.473 96.2807
113.184 98.387
119.574 101.521
133.505 106.526
138.396 106.168
143.303 106.597
148.243 107.2
152.048 110.923
126.275 110.994
126.131 115.791
126.31 120.676
126.48 125.677
116.028 132.402
119.445 133.517
122.893 134.53
126.072 135.065
128.462 135.118
99.7104 109.927
104.507 109.801
109.168 110.35
113.464 111.01
109.026 111.165
104.346 110.874
133.706 116.15
137.657 117.424
141.89 118.85
145.853 120.685
141.785 119.55
137.632 118.195
103.584 148.272
108.904 144.6
115.299 142.264
121.916 143.617
127.092 144.546
130.159 149.196
131.559 154.129
128.913 157.637
123.994 158.82
118.686 157.873
112.384 155.95
107.153 152.627
112.568 145.844
121.004 146.079
126.692 148.776
125.649 153.87
119.845 153.092
111.955 151.011
