93.9607 99.2621
100.581 97.0667
107.703 96.499
114.526 98.6175
121.052 101.655
137.466 107.266
142.183 107.548
146.68 108.518
151.053 109.645
154.393 112.576
128.676 111.795
128.627 116.883
128.893 121.934
129.313 127.094
117.736 133.617
121.59 135.134
125.253 136.376
128.303 136.856
130.936 136.851
99.7835 109.807
105.092 110.353
110.118 111.104
114.728 111.176
109.925 111.792
104.841 111.216
135.615 117.401
139.92 119.362
144.48 121.258
148.406 122.711
144.262 121.66
139.726 120.082
105.209 147.225
111.667 145.387
118.042 144.062
124.363 145.037
129.433 146.39
132.768 150.335
134.627 154.99
130.868 156.067
126.289 155.703
121.801 154.575
115.711 153.065
110.19 150.404
115.072 146.892
123.433 147.698
129.393 150.251
129.007 152.207
123.054 151.106
114.972 149.011
