95.9647 99.7364
102.701 96.737
110.326 96.3772
117.515 98.9378
124.094 102.729
137.552 109.016
142.417 109.059
147.566 109.865
152.258 112.028
154.756 116.009
129.414 113.212
129.639 118.413
129.906 123.746
130.268 129.081
118.046 136.024
121.423 137.673
125.068 138.968
127.937 139.377
130.318 139.452
101.867 110.256
106.726 110.253
111.083 111.309
114.788 112.851
110.502 112.838
106.024 112.005
136.094 119.711
139.858 120.59
144.124 122.133
147.661 125.097
143.715 123.581
139.628 122.001
105.321 150.952
111.217 148.065
117.726 146.3
124.257 147.87
129.1 148.875
131.735 153.3
131.834 158.115
129.698 161.984
125.296 163.153
120.404 161.99
113.776 160.03
108.46 156.211
114.739 149.022
123.532 150.715
128.375 152.789
126.57 158.742
121.46 157.517
113.237 155.18
