92.1974 98.1023
98.9218 95.1844
106.346 94.9485
113.303 97.2763
119.481 101.137
134.39 107.69
139.363 107.522
144.419 108.518
149.044 110.53
151.652 114.545
126.319 112.168
126.545 117.678
126.921 123.157
127.123 129.015
115.069 135.54
118.679 137.066
122.318 138.375
125.174 138.837
127.82 139.015
98.6116 109.527
103.782 109.091
108.656 110.181
112.337 112.547
107.812 112.476
103.054 111.593
132.956 118.717
137.389 119.196
142.085 121.068
145.402 124.115
141.097 123.063
136.865 121.276
102.417 148.231
108.89 146.641
114.928 145.935
120.69 147.892
125.001 148.493
127.915 151.656
129.719 155.632
126.61 155.949
123.003 155.412
119.096 154.265
112.902 152.942
107.358 150.843
112.15 148.969
119.976 151.195
124.918 152.663
124.935 152.505
120.139 150.87
112.244 149.285
