95.3246 99.2811
101.839 95.7333
109.286 95.1535
116.271 97.5847
122.28 101.622
136.34 108.262
141.342 108.201
146.498 109.281
151.082 111.913
153.528 116.305
128.096 112.94
128.227 118.528
128.397 124.144
128.579 129.723
116.501 136.066
119.864 137.652
123.406 139.001
126.501 139.442
129.145 139.56
100.44 110.022
105.523 109.999
109.985 111.198
113.963 112.9
109.323 112.995
104.637 112.05
134.709 119.678
138.951 120.31
143.259 121.946
146.671 125.103
142.793 123.633
138.585 122.038
103.853 150.817
109.735 147.771
116.165 146.143
122.338 147.732
127.365 148.693
130.316 152.817
130.716 157.679
127.971 161.422
123.268 162.747
118.454 161.847
112.174 159.598
107.309 155.528
113.262 149.035
121.64 150.553
127.188 152.878
125.67 158.035
119.884 157.075
112.114 154.457
