85.0474 95.1147
93.2461 91.9571
102.335 92.0818
110.858 94.6576
119.261 98.6234
141.388 104.398
149.324 104.343
157.269 105.1
164.747 107.864
169.839 113.914
129.271 110.08
128.326 118.516
127.375 127.038
126.564 135.577
112.623 139.72
117.16 142.992
122.567 145.156
128.168 145.311
133.302 143.937
93.3515 108.443
99.9659 107.681
106.421 108.772
111.876 111.156
106.025 110.871
99.6386 109.941
140.974 118.629
147.247 118.527
153.781 120.018
158.968 124.057
153.137 122.776
146.9 120.814
95.7582 157.591
103.969 154.616
112.668 153.26
121.39 155.417
129.105 155.964
135.526 160.408
140.222 166.4
134.383 171.932
126.468 174.67
117.803 173.769
108.258 171.161
101.005 165.097
109.521 157.276
120.355 159.28
129.737 161.076
129.013 167.262
119.366 166.265
108.561 163.136
