74.3437 108.984
81.484 102.748
90.584 99.9196
100.128 99.4727
109.626 100.916
131.354 99.2202
139.174 96.2407
147.233 94.083
155.411 94.5034
162.077 99.1917
122.411 108.705
124.243 117.424
126.034 125.823
127.85 134.28
115.164 142.089
120.792 143.941
127.195 144.021
132.609 141.971
137.31 138.668
87.0135 117.807
93.1768 115.644
99.7772 114.874
105.232 115.413
99.7098 116.857
93.1881 117.4
134.724 112.208
140.156 110.051
146.859 109.462
153.116 110.785
147.319 111.817
140.833 112.257
103.793 164.705
110.318 158.741
118.53 154.642
127.677 153.473
135.296 151.828
142.864 153.274
147.785 158.519
144.829 167.407
139.362 175.498
130.046 179.052
119 178.81
109.915 172.873
115.847 159.223
127.876 157.684
137.788 156.207
139.729 167.353
128.938 171.88
115.991 170.914
