100.856 95.8
102.802 94.7626
105.453 96.3197
108.131 98.4897
110.056 101.789
123.2 99.7094
131.499 95.7483
139.985 93.9775
148.643 95.556
156.524 99.8331
113.247 108.785
109.659 117.293
105.625 125.548
101.984 134.017
103.138 144.283
106.051 146.738
109.57 147.812
116.793 146.051
123.955 143.197
103.432 114.689
104.953 113.372
107.418 112.51
109.952 111.699
107.867 114.033
105.599 114.548
134.395 110.614
136.98 109.956
140.77 110.25
145.404 110.423
140.626 110.693
137.241 111.098
116.602 166.578
113.973 162.225
113.101 158.851
115.151 157.89
123.354 156.5
131.885 158.652
139.494 162.523
133.999 167.859
127.435 172.278
120.423 173.766
117.991 172.924
116.314 170.297
116.595 163.572
118.156 162.354
127.013 162.196
127.214 165.46
119.066 166.828
117.71 166.913
