91.3444 100
94.9096 98.5229
99.1205 98.1307
103.795 98.8962
108.722 100.468
130.645 97.5721
140.621 94.4359
150.837 93.1159
160.757 95.6915
168.786 101.594
119.942 109.081
118.011 116.834
115.951 124.526
113.612 132.532
113.338 148.536
117.121 148.725
121.914 148.704
127.321 147.645
132.792 147.316
99.2688 113.955
103.269 110.459
108.662 109.603
113.776 112.883
109.284 115.445
103.858 115.88
142.538 111.634
147.581 108.387
154.129 108.168
160.674 110.749
154.576 113.803
147.943 113.813
112.709 173.397
112.542 167.081
117 162.31
123.364 161.439
133.344 161.491
142.461 166.133
150.008 172.197
143.318 176.975
135.65 180.945
126.536 182.797
119.874 182.146
114.555 178.424
118.529 168.401
124.539 166.947
135.645 166.767
135.969 173.738
125.387 174.906
119.316 174.733
