84.8525 100.525
93.0801 95.8391
101.941 92.9662
111.076 93.7952
119.897 96.8886
134.97 101.891
138.799 99.9412
142.478 99.528
145.464 100.854
148.593 103.315
128.77 110.397
133.463 118.05
137.923 125.108
142.265 132.431
124.205 144.085
129.728 145.011
134.811 144.88
138.074 144.393
140.118 143.03
92.6985 113.069
98.8916 109.873
105.701 109.366
110.171 113.312
105.383 116.348
98.374 116.008
130.401 113.671
135.851 110.896
140.771 111.299
143.276 114.688
139.586 116.963
134.909 116.667
113.485 167.122
119.185 161.819
126.033 157.719
133.873 157.597
137.738 157.749
138.815 161.103
138.138 163.921
138.172 168.742
136.177 173.793
131.668 176.233
124.419 175.45
118.248 172.084
124.675 162.413
132.241 161.75
135.015 162.298
134.418 166.011
131.58 167.585
124.911 167.312
