80.1227 98.7592
88.4656 93.5697
97.8846 90.5377
107.615 91.308
116.713 94.7267
133.604 100.128
137.667 98.1701
141.615 97.6243
144.694 98.6451
147.876 100.687
127.109 109.251
131.768 117.134
136.336 124.581
140.614 132.329
122.214 144.715
127.82 145.587
132.695 145.314
136.431 145.1
139.097 144.012
88.9642 112.009
95.6201 109.078
102.851 108.71
107.584 112.329
102.547 115.56
94.8983 115.137
129.424 112.871
135.049 110.49
140.318 111.005
143.123 114.022
139.259 116.04
134.012 115.716
110.666 170.215
116.873 164.22
124.231 159.806
132.11 159.732
136.801 160.222
138.419 163.745
137.69 167.134
137.357 172.763
134.77 178.003
129.427 180.152
121.471 179.035
115.321 175.456
123.089 164.971
130.357 164.001
133.497 165.109
132.771 169.845
129.712 171.096
123.251 170.732
