82.3122 110.313
85.3807 103.846
91.2169 100.064
98.3665 99.295
105.479 100.379
132.742 94.2181
138.317 92.0249
143.843 90.3016
149.589 90.7203
153.885 94.3619
122.338 109.474
124.23 116.024
126.27 122.815
128.25 129.716
121.834 141.09
126.116 140.713
130.525 139.914
134.046 138.5
137.09 137.024
93.0157 121.07
96.9524 116.248
102.954 115.113
108.635 117.247
104.475 121.145
98.3899 122.721
137.051 109.109
140.247 104.833
145.979 103.664
151.42 106.045
147.284 109.653
141.9 110.881
118.079 163.458
122.749 157.971
128.241 153.588
134.947 152.675
140.169 150.12
146.13 150.536
150.656 153.629
147.406 157.895
142.507 160.713
136.786 162.987
130.401 164.521
124.013 164.723
128.454 157.469
135.69 155.474
141.044 153.514
141.765 155.715
136.165 158.015
129.165 159.717
