81.5489 108.388
85.0986 101.94
91.4018 98.4485
98.5017 98.097
105.707 99.947
131.589 94.7792
137.746 91.874
143.977 89.6767
150.63 89.9922
156.071 93.562
123.001 109.712
124.792 116.769
126.713 123.794
128.681 130.972
121.52 141.276
126.242 141.005
131.115 140.141
135.166 138.49
138.904 136.527
92.825 119.979
96.6426 115.337
102.771 114.131
108.834 116.265
104.007 119.388
98.1697 120.743
137.646 108.602
140.713 104.678
146.272 103.606
151.865 105.467
147.513 108.669
142.358 109.719
115.754 160.573
121.293 156.496
127.275 153.003
134.31 152.435
140.325 149.953
147.158 149.624
152.988 150.803
148.691 155.428
143.105 158.733
136.753 161.455
129.38 162.718
122.181 162.684
127.133 157.172
135.153 155.363
142.147 153.201
142.395 154.009
135.53 156.46
127.407 157.951
