80.3343 108.44
84.0015 102.188
90.1557 98.5049
97.3331 97.9164
104.655 99.4225
132.554 94.0952
138.922 91.1588
145.442 88.7943
152.332 89.2941
157.981 92.7798
122.703 108.882
124.731 116.519
126.922 124.174
129.13 132.006
121.484 141.842
126.585 141.858
131.572 140.951
135.828 139.156
139.651 136.728
91.9395 119.568
95.7658 114.847
102.07 113.697
108.263 116.037
103.356 119.258
97.4066 120.725
138.372 108.165
141.466 104
147.409 102.729
153.159 104.697
148.844 108.34
143.366 109.532
115.236 161.563
121.32 157.468
127.492 153.823
134.552 153.176
140.706 150.729
147.684 150.481
153.839 151.047
149.304 156.046
143.296 159.698
136.64 162.468
129.299 163.806
121.882 163.575
127.101 157.899
135.356 155.791
142.64 153.62
142.964 154.867
135.875 157.646
127.545 159.159
