84.0056 109.847
87.344 103.848
93.4588 100.47
100.422 99.7627
107.463 100.33
132.762 95.5486
138.633 92.628
144.834 90.1964
151.503 89.8159
157.633 92.7629
123.9 108.643
125.844 116.276
127.938 123.948
130.032 131.756
122.337 139.399
127.287 139.325
132.19 138.521
136.064 136.661
139.878 134.368
94.4279 118.963
98.6915 114.16
104.804 113.082
110.7 115.188
105.876 118.231
100.078 119.77
137.282 108.586
140.657 103.884
146.535 102.313
152.941 104.223
148.576 107.934
142.766 109.243
116.004 158.246
121.476 153.888
128.101 150.858
135.405 149.665
140.893 147.357
147.213 146.67
152.917 148.048
150.058 154.598
145.225 159.731
138.665 163.248
130.551 164.381
122.523 162.209
126.806 154.534
135.986 152.196
143.286 149.841
144.952 155.016
137.434 158.737
127.723 159.757
