75.6726 113.015
78.5971 106.09
84.8692 102.006
92.4024 100.975
100.118 101.865
124.282 96.4123
130.646 93.292
137.175 91.1035
144.275 91.3516
150.574 95.1502
116.042 110.117
118.13 117.673
120.385 125.178
122.604 132.689
114.37 141.333
119.507 141.308
124.64 140.58
128.889 138.409
132.774 135.821
86.5702 120.903
90.618 116.036
96.5571 114.777
102.74 116.813
97.8303 119.665
92.1063 121.309
129.733 109.832
133.194 105.419
139.162 104.001
145.479 105.956
140.899 109.421
135.044 110.416
108.082 159.696
113.698 155.459
120.07 152.284
127.134 151.189
132.867 148.889
139.425 148.392
144.943 149.615
141.608 155.835
136.502 160.778
129.837 164.126
122.09 165.223
114.402 163.378
118.323 155.876
127.673 153.742
135.368 151.368
136.468 155.576
128.819 159.113
119.184 160.292
