58.322 122.546
60.816 116.626
66.0536 112.806
72.5542 111.133
79.0464 111.005
102.385 101.108
109.162 96.8588
116.401 93.3154
123.861 92.1688
130.744 94.5264
93.8497 113.355
95.0959 119.224
96.0768 125.067
96.8036 131.266
95.7939 143.566
98.7073 142.836
101.891 141.828
105.677 140.483
108.982 139.392
67.505 129.037
70.9718 124.907
76.273 123.29
81.8409 123.162
76.9169 126.529
71.8722 128.73
111.585 112.136
115.113 108.096
121.122 106.32
127.682 107.575
122.571 110.63
116.6 112.237
95.1356 172.803
93.6063 164.591
97.3053 157.803
104.323 154.78
112.461 152.274
121.233 154.373
128.546 159.847
125.085 166.013
119.389 170.406
111.983 173.878
105.429 176.316
99.2581 176.613
99.0873 162.098
106.006 157.658
114.695 156.474
118.809 166.68
110.943 169.844
104.077 172.58
