61.3861 121.088
64.5129 115.996
70.029 113.016
76.0969 112.23
82.2122 112.17
102.147 104.095
108.506 99.2383
115.476 95.4207
122.694 94.1253
129.097 96.009
93.8014 113.22
94.9855 119.457
95.9226 125.492
96.9265 131.895
93.5974 142.934
96.9463 142.567
100.668 141.75
105.108 140.025
109.179 137.957
71.3633 128.233
74.4301 124.365
78.9523 122.667
83.7184 122.516
79.9213 125.605
75.6207 127.723
109.194 113.001
112.135 109.066
117.681 107.527
123.611 108.591
119.062 111.666
113.723 113.158
91.947 169.773
91.6053 162.085
95.8597 155.985
102.73 152.61
111.098 150.435
119.515 152.236
126.167 157.611
122.624 163.978
117.172 169.135
109.777 173.052
103.015 174.997
96.6878 174.111
97.0232 160.402
103.898 155.709
113.276 154.734
116.434 164.317
107.989 167.78
100.96 170.202
