66.0303 119.691
68.7934 114.389
74.1025 111.227
80.223 110.379
86.196 110.606
105.232 103.875
111.389 98.9525
118.414 95.0922
125.705 93.8687
132.603 95.4544
96.8893 113.633
97.5444 120.234
98.1196 126.636
98.796 132.992
96.8323 143.321
99.7418 142.875
103.002 142.001
107.096 140.35
111.331 138.825
74.3423 128.115
77.4367 123.981
82.2081 122.207
87.2816 122.044
83.3112 125.645
78.6243 127.717
112.571 112.793
115.784 108.864
121.449 107.284
128.372 108.105
123.026 111.547
117.499 112.958
95.759 170.458
94.3805 162.678
98.2266 156.323
105.139 152.71
113.739 151.045
122.151 152.936
128.56 158.841
124.76 165.032
119.08 169.998
111.72 173.628
105.521 175.296
99.7029 174.537
99.4028 160.556
105.865 155.923
115.931 154.951
118.887 165.388
110.221 168.952
103.833 170.93
