87.7557 100.992
91.1851 95.8644
96.4224 92.8364
102.589 92.909
108.737 93.5937
133.362 94.4769
140.965 93.8665
148.411 94.505
155.526 97.329
160.933 102.776
121.561 108.676
121.467 115.407
121.146 122.361
120.951 129.416
114.124 137.226
117.954 138.021
121.655 138.256
126.218 137.693
130.817 136.453
95.356 113.37
100.033 110.743
105.776 110.12
110.928 112.857
105.855 114.774
100.124 114.734
136.951 112.514
141.688 110.305
147.514 110.311
153.286 112.728
147.609 114.454
141.91 114.161
106.102 153.37
110.852 150.153
116.822 148.772
123.023 148.769
129.879 147.659
137.05 148.143
143.714 150.194
139.102 155.752
132.168 159.766
124.365 161.279
116.952 160.982
110.335 157.974
115.748 151.498
123.137 151.258
131.641 150.055
132.307 154.824
123.689 156.669
115.848 156.246
