86.8093 98.8274
91.285 93.6926
97.5727 91.5565
104.305 91.6779
111.031 92.9118
137.399 96.0563
142.639 95.5689
147.963 96.4564
153.135 98.886
156.986 103.488
124.853 108.729
126.164 115.73
127.625 122.387
128.777 129.523
118.029 140.615
122.405 141.047
126.962 141.187
130.566 140.859
134.133 140.293
94.0221 112.617
98.5143 109.767
104.135 109.78
108.607 113.329
103.831 115.164
98.3905 114.865
135.602 114.224
140.168 111.836
145.403 112.043
150.195 115.462
145.479 116.972
140.32 116.326
103.79 155.216
110.898 152.347
118.794 151.355
126.521 151.457
132.312 151.231
138.633 151.844
144.402 154.766
140.349 160.949
133.926 165.19
126.23 166.012
117.332 164.725
109.803 160.526
115.368 154.044
126.144 154.434
134.709 153.638
135.197 159.474
126.134 161.101
115.313 159.527
