88.5741 92.4597
94.5253 88.3443
101.428 87.4031
108.542 88.4972
115.383 90.801
142.14 97.8864
147.121 98.2757
151.845 99.8182
156.562 102.511
159.634 107.438
127.884 108.881
128.975 115.897
130.272 122.825
131.299 129.978
117.083 139.76
121.891 142.178
126.889 143.463
130.918 143.337
134.398 142.371
94.9529 108.658
100.761 106.792
106.83 107.576
111.388 111.223
105.85 112.763
99.7633 112.053
137.845 115.736
143.039 114.646
147.948 115.89
151.798 119.752
147.079 120.985
142.259 119.318
100.315 153.708
109.322 152.219
118.111 152.244
126.149 153.502
131.777 153.909
136.75 155.924
140.402 160.226
135.762 163.216
130.122 164.636
123.954 164.288
115.378 162.68
107.165 158.866
115.617 155.796
125.135 157.06
131.667 157.786
131.648 159.646
124.555 159.345
114.724 157.659
