89.2379 95.1956
94.4157 91.0637
100.752 89.6581
107.29 90.1094
114.056 91.9612
139.813 98.2407
143.978 98.0115
148.314 98.9599
152.736 100.809
156.576 104.719
127.393 109.503
128.912 116.501
130.637 123.402
132.095 130.851
117.74 139.05
122.239 140.871
127.174 141.832
131.253 141.573
134.898 140.387
96.2471 110.064
101.545 107.517
107.316 107.577
111.464 111.179
106.461 112.483
100.953 112.357
136.442 114.401
141.147 113.435
145.869 114.602
149.479 117.658
145.16 118.787
140.77 117.684
103.798 153.927
111.105 151.41
118.701 150.547
126.019 151.402
131.06 151.025
136.028 152.772
140.172 155.85
136.443 161.358
131.276 164.846
124.7 165.79
116.422 164.22
109.488 159.708
115.766 154.382
125.477 155.7
132.27 155.418
132.382 158.746
125.067 159.767
115.457 157.943
