87.9754 96.8663
92.3289 92.1913
98.7833 90.1188
105.221 91.0484
112.008 92.1797
141.869 98.6884
148.012 98.2917
153.752 99.3243
159.342 101.421
163.654 105.865
126.933 108.987
127.457 116.673
128.046 124.416
128.604 132.55
117.159 139.728
121.2 140.764
125.942 141.4
130.02 141.246
134.081 140.823
94.3935 111.376
99.7853 108.648
106.022 108.881
110.486 111.773
105.338 113.088
99.3961 113.473
138.685 115.076
143.856 113.329
149.311 114.195
153.75 117.597
148.375 118.404
143.352 117.468
104.68 155.129
110.901 152.896
118.037 152.389
125.15 153.395
131.574 152.843
137.884 153.821
143.914 155.741
139.051 160.46
132.689 163.715
125.127 164.465
117.141 163.363
109.952 159.858
116.417 156.196
124.539 157.339
132.38 156.923
133.125 157.825
124.94 158.71
116.984 157.178
