88.9315 100.35
92.6563 95.6363
98.5324 94.0051
104.483 94.7964
110.538 96.109
136.733 99.1371
143.126 98.3903
149.493 98.5254
155.599 100.189
160.212 104.477
123.056 109.59
123.019 117.088
123.15 124.459
123.343 131.708
114.546 137.251
118.642 138.262
123.334 138.817
128.388 138.27
132.722 137.232
96.2438 112.056
101.045 110.003
106.234 109.908
110.884 112.148
106.121 113.23
100.907 113.155
136.052 112.686
141.011 111.267
145.965 111.477
151.033 113.531
145.99 114.396
140.875 114.063
110.189 151.643
114.589 150.22
119.492 149.701
124.246 149.916
130.094 149.545
135.812 150.227
141.621 151.352
137.109 155.355
131.343 158.183
124.907 158.89
118.953 158.273
113.945 155.404
118.441 152.374
124.227 152.782
131.553 152.278
131.65 152.741
124.439 153.463
118.505 152.886
