85.9932 106.986
89.2225 102.717
94.2057 101.632
99.2964 101.953
104.084 103.628
124.317 97.5092
133.231 91.8729
143.088 88.3154
153.726 88.1682
163.335 92.7539
115.242 111.686
113.161 120.604
111.062 129.675
109.252 139.116
110.154 148.193
113.67 148.903
117.92 148.613
124.164 146.443
130.225 143.339
95.1587 123.763
97.0699 120.114
102.068 118.85
108.227 118.907
103.917 122.469
99.0116 124.377
135.057 110.619
139.067 106.383
145.795 105.679
153.496 106.905
146.952 109.651
140.476 110.9
113.135 166.421
116.494 164.109
119.564 161.819
123.65 161.432
131.82 158.124
140.484 157.34
149.301 157.287
141.853 162.716
134.398 167.377
125.907 170.633
120.73 171.374
116.38 169.897
119.942 165.643
124.404 164.663
135.418 161.047
135.158 161.204
124.195 165.597
119.376 165.989
