78.2611 108.392
84.6913 103.569
92.229 101.467
100.097 101.298
108.121 102.069
131.671 98.8132
137.598 96.8253
143.62 94.8241
149.981 95.6839
154.819 99.0258
123.174 108.355
125.203 114.975
127.211 121.534
129.302 128.085
119.011 141.566
123.491 142.31
128.638 142.035
132.601 140.902
135.737 139.306
88.8712 116.074
94.1112 113.187
100.279 112.329
105.957 113.054
100.692 115.833
94.5278 116.757
133.346 110.309
138.422 108.026
144.198 107.586
149.357 109.537
144.314 111.293
138.638 111.313
108.761 166.053
113.683 159.571
121.106 154.936
129.575 154.131
135.782 152.662
141.816 155.89
145.666 161.307
142.622 165.937
137.838 169.498
131.413 171.12
123.134 171.682
115.204 169.8
118.789 159.684
129.572 158.077
137.206 157.391
137.434 162.529
130.127 164.08
119.759 164.577
