77.909 108.331
84.7254 103.388
92.7012 101.246
100.959 101.858
109.221 102.925
131.852 99.225
138.441 96.8647
145.07 94.3046
152.07 95.2738
157.45 99.1673
124.034 107.821
126.05 114.87
128.019 122.002
129.972 129.165
119.416 142.041
124.425 142.805
129.709 142.513
133.952 141.266
137.538 139.624
89.45 116.709
94.5689 113.752
101.045 112.932
106.997 113.722
101.54 116.856
95.0051 117.799
134.464 110.585
139.349 108.199
145.223 107.734
150.919 109.542
145.765 111.728
139.886 111.657
108.974 167.444
114.014 160.77
121.503 155.857
130.351 154.797
136.707 153.433
142.904 156.779
146.763 162.107
143.972 167.283
139.001 171.434
132.437 173.159
123.742 173.432
115.671 171.211
119.173 160.713
130.612 158.916
138.21 158.08
138.437 163.675
131.41 165.56
120.055 166.154
