80.3315 107.537
86.4947 103.082
93.6068 100.98
101.01 101.396
108.51 102.177
132.294 98.7184
138.145 96.4926
144.045 94.1247
150.228 95.0266
155.109 98.1486
124.111 107.888
125.921 114.3
127.825 120.687
129.837 127.197
119.778 139.844
124.444 140.463
129.486 140.151
133.268 138.989
136.485 137.469
90.9252 115.43
95.9167 112.553
101.804 111.73
107.462 112.512
102.487 115.462
96.4047 116.323
133.904 109.296
138.525 107.27
144.16 106.727
149.591 108.564
144.712 110.413
139.014 110.432
109.903 163.882
114.67 157.336
121.8 152.536
130.117 151.592
135.986 150.284
141.73 153.657
145.357 158.671
142.869 163.584
138.144 167.107
132.159 168.685
124.03 169.214
116.178 167.436
119.598 157.482
130.309 155.601
137.245 155.061
137.518 160.259
131.099 161.534
120.451 162.528
