79.1126 103.742
86.6634 99.7309
94.9949 97.7884
103.374 99.0453
111.83 101.312
134.363 99.8202
140.807 97.7208
147.383 96.0583
154.132 97.6082
159.098 101.604
126.278 108.028
128.261 115.847
130.138 123.478
131.749 131.502
118.494 142.711
123.635 144.098
129.247 144.049
133.422 143.26
136.765 141.654
90.2696 112.942
96.345 110.551
103 110.2
108.249 111.721
102.873 113.881
96.373 114.336
134.876 111.31
140.243 109.662
146.688 109.494
152.105 111.92
146.747 113.658
140.532 113.063
107.111 165.852
113.202 160.351
120.795 156.302
128.992 156.11
134.886 155.383
140.008 159.207
143.579 164.071
140.388 168.992
135.179 172.448
128.635 173.489
120.548 173.091
113.07 170.407
118.016 161.153
128.899 159.982
136.282 160.427
135.961 165.292
128.655 166.129
118.077 166.25
