81.7049 100.965
89.8184 97.3289
98.4728 95.7979
107.014 97.3307
115.445 99.996
136.849 99.3106
142.641 97.6813
148.237 96.4925
153.972 97.7228
159.091 100.55
128.794 108.653
130.922 116.13
132.779 123.586
134.836 131.036
119.726 143.525
124.857 145.018
130.336 145.358
134.232 144.715
137.639 143.246
92.1808 111.483
98.2652 109.435
104.968 108.986
110.459 110.622
104.968 112.925
98.2634 113.282
136.313 110.658
141.628 109.144
147.403 109.158
152.128 111.697
147.491 112.798
141.75 112.266
106.441 165.84
113.22 160.71
120.897 156.706
129.379 156.965
134.713 156.223
139.331 159.858
142.206 164.339
139.265 169.182
134.378 172.716
128.308 173.987
120.027 173.932
112.498 170.819
117.657 161.535
128.887 160.401
135.825 161.362
135.555 165.56
128.734 166.53
117.969 166.413
