84.6172 102.796
91.0803 98.2032
99.1802 95.6795
107.426 96.7428
115.247 99.6527
138.017 104.152
142.94 103.721
147.485 104.227
151.905 106.433
155.311 109.911
129.215 108.497
131.777 113.661
134.615 118.514
137.295 123.331
124.143 140.621
127.979 140.479
131.96 140.723
134.593 141.512
136.379 142.888
94.7479 113.495
100.453 110.589
106.922 110.288
112.761 113.391
106.775 115.385
100.243 115.604
135.564 117.431
141.059 116.682
146.569 118.057
150.395 122.493
145.212 122.737
139.898 121.082
109.758 162.734
116.366 157.701
123.557 153.352
131.712 154.009
137.713 154.851
140.926 160.499
143.065 166.717
139.346 168.973
134.719 169.73
129.739 169.258
122.544 168.19
115.678 166.161
120.843 159.68
130.546 159.317
136.917 161.406
136.652 163.84
130.679 162.968
120.686 162.357
