83.2715 102.211
90.1085 97.8086
98.4137 95.6805
106.768 96.4629
114.679 99.088
138.604 102.562
143.324 102.401
147.639 103.23
152.016 105.044
155.397 108.462
128.724 108.735
131.223 114.228
134.07 119.204
137.024 124.4
122.484 140.172
127.051 140.387
131.526 140.578
134.265 141.098
136.287 141.859
93.6113 113.022
99.2454 110.272
106.07 110.03
111.696 112.98
106.006 114.996
99.4188 114.989
135.228 116.799
140.275 115.88
145.878 117.025
149.619 121.033
144.834 121.724
139.655 120.057
108.461 159.639
115.578 155.832
123.299 152.994
131.371 153.916
136.963 154.251
140.835 158.017
143.909 162.76
140.079 163.5
135.374 163.914
130.471 163.509
122.477 162.821
115.026 161.599
120.662 157.377
130.705 157.477
137.206 158.802
137.404 159.684
130.883 158.807
120.292 158.563
