83.5845 103.47
90.4908 98.6816
98.931 96.2767
107.484 96.9934
115.512 99.7053
137.844 103.089
142.815 102.802
147.546 103.507
152.264 105.609
155.821 109.341
129.148 109.016
131.525 114.637
134.199 119.701
136.975 124.938
122.568 140.41
127.098 140.872
131.595 141.08
134.483 141.537
136.492 142.207
93.8797 113.583
99.6039 110.635
106.505 110.482
111.977 113.587
106.198 115.409
99.7202 115.496
135.405 117.491
140.648 116.269
146.338 117.346
150.169 121.414
145.182 122.093
140.032 120.569
108.393 160.11
115.511 156.312
123.241 153.477
131.382 154.208
137.117 154.645
141.114 158.41
144.078 163.244
139.938 163.649
135.206 163.951
130.338 163.509
122.468 162.924
114.973 161.904
120.473 157.852
130.674 158.052
137.376 159.214
137.332 159.81
130.701 158.834
120.061 158.529
