85.2944 104.36
91.9903 99.7381
100.119 97.0102
108.457 98.1635
116.303 101.366
138.821 105.032
143.867 104.504
148.461 105.003
152.836 107.319
156.246 110.948
129.577 110.069
132.043 115.24
134.776 120.063
137.49 124.856
123.742 141.52
128.012 141.693
132.325 141.837
134.927 142.446
136.707 143.429
96.2156 114.073
101.513 111.442
107.596 111.316
113.068 114.413
107.378 116.179
101.315 116.205
136.103 118.516
141.462 117.287
146.82 118.344
150.36 122.852
145.457 123.033
140.376 121.632
109.376 162.647
116.333 157.919
123.761 154.062
131.909 154.732
137.633 155.581
140.573 160.712
142.575 166.193
138.943 168.547
134.267 169.501
129.552 169.021
122.26 167.818
115.458 165.738
121.047 159.946
130.615 159.929
136.316 161.806
136.113 163.486
130.528 162.942
120.649 161.877
