83.3731 102.91
90.1242 98.3599
98.3902 95.7924
106.748 97.0332
114.474 100.458
138.365 104.104
143.225 103.811
147.628 104.211
151.876 106.473
155.336 109.959
128.151 109.184
130.508 114.627
133.108 119.727
135.71 124.699
121.797 141.702
126.087 141.795
130.277 142.041
133.221 142.822
135.174 144.111
93.9706 112.997
99.428 110.801
105.868 110.777
111.422 113.599
105.519 115.509
99.0843 115.336
135.447 118.03
140.84 117.22
146.409 118.425
150.219 122.684
145.077 122.942
139.807 121.484
107.268 163.439
114.336 158.571
121.903 154.492
130.169 155.508
136.28 156.387
139.513 161.929
141.777 167.873
137.852 170.787
132.708 171.53
127.62 170.862
120.222 169.687
113.269 167.183
119.143 160.384
128.903 160.218
135.461 162.551
134.98 165.203
128.731 164.433
118.706 163.396
