83.4461 102.244
90.741 97.7074
99.5692 95.0678
108.46 96.7218
116.62 100.588
137.991 104.412
143.166 103.648
148.105 103.978
152.819 106.641
156.497 110.459
128.947 109.108
131.339 114.762
133.937 120.059
136.63 125.23
122.223 142.462
126.416 142.556
130.754 142.77
133.657 143.532
135.68 144.549
93.3503 112.473
99.2727 110.092
105.935 110.113
111.603 113.272
105.54 115.297
98.8756 115.18
134.988 117.843
140.992 116.855
146.738 117.998
150.77 122.54
145.42 123.155
139.725 121.626
106.098 164.436
113.463 159.449
121.247 155.198
129.992 156.003
136.056 156.995
139.222 162.899
141.428 168.925
137.719 172.355
132.47 173.387
127 172.835
119.266 171.387
112.083 168.672
118.427 161.166
128.579 160.843
134.835 163.308
134.077 166.722
128.224 166.154
118.115 164.894
