85.1875 102.595
91.7955 98.6384
99.5698 96.2169
107.542 97.3769
114.785 100.734
137.049 104.295
142.381 103.58
147.381 104.067
152.23 106.55
156.171 110.206
127.994 108.715
129.957 114.233
132.295 119.409
134.555 124.448
121.671 140.185
125.518 140.448
129.513 140.737
132.643 141.427
134.654 142.323
94.6593 112.527
100.168 109.913
106.644 110.11
112.008 113.402
106.076 115.227
99.6761 114.997
134.775 117.189
140.277 115.923
146.096 116.885
150.056 121.342
144.995 121.809
139.453 120.464
107.247 162.049
113.685 156.533
120.894 151.989
128.956 152.764
135.009 153.853
138.274 159.641
140.593 165.655
137.07 169.423
131.653 170.595
126.031 169.915
118.881 168.527
112.361 166.071
118.328 158.049
127.736 157.553
133.866 160.026
133.316 164.318
127.253 163.747
117.881 162.629
