84.054 101.484
90.8772 96.9543
99.3234 94.4533
107.825 96.0608
115.492 100.179
138.918 104.972
144.749 104.144
150.276 104.745
155.57 107.506
159.522 111.936
129.472 109.68
131.004 115.511
132.83 121.051
134.509 126.637
120.526 141.404
124.698 142.118
128.982 142.786
132.227 143.588
134.637 144.346
94.036 111.462
99.8836 109.426
106.792 109.843
112.124 113.011
105.836 114.836
99.1276 114.519
136.147 117.976
142.041 117.297
148.243 118.765
152.567 123.101
146.991 123.537
141.008 121.904
105.15 164.347
111.9 159.352
119.325 154.986
127.725 156.16
134.055 157.269
137.304 163.371
139.474 169.56
135.139 172.757
129.544 173.721
123.682 172.956
116.638 171.242
110.33 168.49
116.243 160.781
126.161 160.633
132.647 163.751
131.694 167.532
125.209 166.861
115.693 165.335
