83.942 101.945
89.8014 97.4343
96.8693 95.1326
104.329 96.2248
111.444 98.8188
137.305 99.2084
143.614 97.2348
150.373 96.9576
156.726 99.3286
161.271 104.229
127.012 108.247
127.824 114.717
128.765 120.994
129.686 127.476
119.829 139.325
124.015 139.767
128.317 139.877
131.984 139.662
135.316 139.46
94.377 112.601
99.8451 110.906
106.26 110.569
111.855 111.453
106.197 113.616
99.9663 114.177
137.079 112.133
142.319 112.008
148.435 112.227
153.78 113.944
148.452 115.231
142.662 114.435
108.312 161.675
113.819 156.581
120.542 152.4
128.297 152.298
134.785 152.027
140.243 156.382
144.509 162.101
140.226 165.739
134.418 167.504
127.998 167.834
120.503 167.931
113.437 165.832
118.279 157.498
128.204 155.914
136.246 157.237
136.197 161.044
128.241 161.347
118.429 161.316
