83.6015 102.448
89.1175 97.1568
96.6376 94.7664
104.495 95.9324
111.654 98.9009
136.382 98.3944
143.556 96.2652
151.084 95.6226
158.261 98.0077
163.375 103.692
126.337 107.906
126.859 114.586
127.396 121.062
128.114 127.605
118.681 139.776
123.001 140.875
127.742 140.914
131.96 140.407
135.626 139.473
93.435 112.926
99.2524 111.121
106.037 110.678
111.446 111.628
105.863 114.016
99.4025 114.384
138.047 111.628
143.659 111.567
149.872 111.597
155.455 112.975
149.982 114.639
143.892 113.97
107.733 163.365
112.859 157.727
119.648 153.458
127.394 153.076
134.485 152.802
140.503 157.002
145.398 162.733
140.964 166.782
134.803 168.973
127.485 169.404
119.545 169.49
112.495 167.51
117.669 158.775
127.395 157.149
136.159 158.23
136.121 162.772
127.483 163.269
117.733 163.31
