85.4504 103.622
91.1176 99.1801
97.9891 96.7433
105.414 97.6244
112.772 99.8187
136.902 100.011
142.701 98.4444
148.863 98.1705
154.603 100.298
158.566 104.882
126.977 107.967
128.399 113.859
130.055 119.633
131.579 125.646
120.9 138.013
125.02 138.465
129.089 138.623
132.564 138.431
135.358 138.418
95.5512 113.366
100.596 111.82
106.668 111.47
111.711 112.118
106.664 114.214
100.758 114.822
135.977 112.418
141.063 112.354
146.744 112.893
151.292 114.782
146.534 115.761
141.097 114.858
109.716 158.799
115.237 154.389
121.705 150.791
129.106 150.707
135.196 150.418
140.195 154.098
143.98 158.7
140.141 162.263
134.937 164.18
129.025 164.608
121.851 164.51
114.993 162.64
119.606 155.725
128.941 154.583
136.166 155.549
136.108 157.841
129.036 158.121
119.745 158.207
