84.4389 102.871
90.3719 98.0683
97.4934 95.5667
105.15 96.4969
112.644 99.0758
137.564 99.3416
143.597 97.4497
149.962 97.1303
155.992 99.3753
160.017 104.387
127.588 107.155
129.117 113.335
130.793 119.279
132.308 125.522
120.994 138.342
125.319 138.923
129.677 139.06
133.316 138.802
136.267 138.533
94.549 112.932
99.8867 111.198
106.204 110.916
111.665 111.716
106.194 113.732
100.046 114.377
136.645 111.986
141.896 111.641
147.71 112.283
152.49 114.558
147.505 115.179
141.946 114.235
108.888 160.013
114.735 155.203
121.518 151.403
129.221 151.494
135.601 151.223
141.013 155.101
145.147 160.154
140.986 164.063
135.334 166.047
129.063 166.385
121.494 166.241
114.333 164.018
119.263 156.57
129.096 155.608
136.906 156.592
136.906 159.432
129.17 159.606
119.203 159.589
