83.4837 102.908
89.3598 97.6933
96.6582 94.9657
104.636 95.9086
112.361 98.5579
136.988 98.8565
142.946 96.8275
149.399 96.3449
155.645 98.3975
159.696 103.81
126.994 107.042
128.323 113.667
129.724 119.987
131.017 126.595
120.221 138.475
124.345 138.905
128.634 139.043
132.482 138.801
135.536 138.52
94.1686 112.554
99.536 110.87
105.707 110.43
111.132 111.322
105.812 112.967
99.854 113.554
136.264 111.683
141.314 111.406
147.129 111.845
152.058 113.743
147.111 114.464
141.606 113.724
107.526 160.189
113.421 155.207
120.453 151.469
128.378 151.379
134.866 151.121
140.353 155.08
144.322 160.355
140.221 163.788
134.761 165.517
128.466 166.142
120.66 165.91
113.351 163.983
118.412 156.5
128.284 155.3
136.038 156.29
135.881 159.214
128.352 159.649
118.411 159.62
