83.6445 103.39
89.8425 98.5808
97.2245 95.946
105.189 96.8573
112.815 99.3718
138.969 99.9655
144.963 98.2854
151.285 98.0134
157.357 100.295
161.282 105.549
128.208 108.164
129.566 114.771
131.055 121.193
132.572 127.733
120.867 140.659
125.048 141.037
129.352 141.271
133.218 141.096
136.237 140.939
94.0432 113.028
99.7192 111.621
106.096 111.168
111.823 111.772
106.239 113.139
100.098 113.746
137.963 112.692
143.068 112.823
149.097 113.535
154.19 115.347
149.066 115.752
143.352 114.829
108.196 162.358
114.508 157.636
121.599 153.951
129.368 153.965
135.63 153.672
140.967 157.408
145.022 162.275
140.831 165.97
135.53 167.883
129.397 168.586
121.635 168.33
114.293 166.196
119.471 159.331
129.186 158.211
136.627 159.008
136.679 160.977
129.354 161.473
119.371 161.553
