84.9632 95.8193
92.3695 92.6382
100.493 92.533
108.397 95.2558
115.863 98.4028
140.924 100.677
146.489 98.5734
152.286 97.4199
158.289 97.8589
162.453 101.106
129.043 109.789
130.225 118.117
131.605 126.605
132.932 135.112
116.691 139.922
122.493 142.316
128.482 143.696
133.73 143.192
137.769 141.298
95.0975 108.682
101.034 108.144
107.152 108.303
111.349 109.82
106.339 110.954
100.7 110.558
139.802 111.042
145.229 110.426
150.424 110.471
154.81 112.191
150.353 113.228
144.846 112.77
102.928 155.794
111.049 153.742
119.212 153
126.965 154.517
132.526 153.744
137.292 155.162
140.609 158.014
136.454 160.554
131.679 162.933
125.981 163.235
117.814 162.041
110.194 159.462
116.718 156.166
126.274 157.409
132.956 157.266
133.11 158.011
126.42 157.886
116.35 156.893
