84.0592 95.982
91.5454 92.1465
100.218 91.8345
108.574 94.4823
116.56 97.6728
140.783 100.302
147.131 98.3211
153.598 97.425
160.156 98.087
164.509 102.149
129.211 110.873
130.449 118.754
131.857 126.633
133.21 134.613
116.638 139.65
122.388 142.477
128.543 143.947
133.842 143.297
137.823 141.009
95.9612 109.066
101.313 108.386
107.349 108.311
111.616 109.659
106.741 111.226
101.185 111.031
140.633 111.708
145.869 110.909
151.19 110.945
155.525 113.023
151.131 114.118
145.543 113.579
103.655 156.241
111.283 154.266
119.071 153.914
126.597 155.189
132.751 154.564
137.913 155.951
141.496 158.765
137.226 161.402
132.287 163.92
126.295 164.356
118.242 163.092
110.656 160.52
116.917 156.951
126.223 158.2
133.353 158.153
133.564 159.099
126.474 159.082
116.666 158.14
