85.7884 94.7497
93.0355 91.8534
101.055 91.9097
108.78 94.6167
116.25 97.3948
141.536 100.43
147.383 98.4864
153.376 97.4307
159.647 97.5507
163.981 100.9
129.866 110.998
130.991 118.908
132.428 126.884
133.69 135.102
117.061 139.887
122.896 142.348
128.972 143.758
133.907 143.365
137.715 141.813
95.5228 108.841
101.253 108.148
107.402 108.066
111.622 109.891
106.792 111.303
101.185 111.075
141.093 112.111
146.164 111.029
151.582 111.021
156.053 113.174
151.716 114.582
146.145 113.99
104.215 156.727
111.848 154.868
119.653 154.402
127.005 155.838
132.865 155.242
137.836 156.763
141.249 159.523
137.093 161.914
132.268 164.116
126.43 164.524
118.543 163.073
111.085 160.681
117.689 157.561
126.23 158.888
132.906 158.876
133.357 159.559
126.696 159.532
117.654 158.438
