85.1063 97.0967
92.2925 93.5813
100.483 93.3645
108.295 95.8087
115.827 98.7211
140.605 101.483
146.486 99.2937
152.466 98.2144
158.81 98.1808
163.487 101.257
129.141 111.07
130.239 119.281
131.599 127.331
132.833 135.389
116.839 140.634
122.449 143.139
128.646 144.573
133.674 143.851
137.542 141.834
95.5231 109.614
101.061 108.84
107.149 108.824
111.357 110.868
106.453 112.26
100.845 112.032
140.452 111.875
145.738 110.957
151.137 111.118
155.717 113.068
150.986 114.634
145.357 114.118
104.977 157.101
112.432 155.125
120.029 154.637
127.417 155.675
133.277 154.943
138.658 156.248
142.345 159.107
137.878 161.556
132.924 164.218
127.084 164.875
119.213 163.67
111.799 161.004
117.928 157.792
126.927 158.82
134.347 158.596
134.605 159.353
127.114 159.426
117.616 158.508
