82.87 98.2994
90.055 95.0786
98.1362 94.7823
106.003 96.7869
113.879 98.9753
139.527 101.479
145.556 99.0549
151.89 97.8618
158.502 97.9703
163.053 101.832
128.227 111.819
129.702 119.69
131.233 127.616
132.733 135.727
116.266 140.123
121.876 142.725
128.014 144.073
133.361 143.352
137.355 141.079
94.2663 110.557
100.013 110.138
106.033 109.839
110.496 111.016
105.617 112.577
99.8919 112.44
139.267 112.019
144.672 111.168
150.088 110.926
154.547 112.24
150.21 113.954
144.454 113.648
104.672 156.968
111.971 155.168
119.327 154.492
126.627 155.402
132.622 154.27
138.005 155.512
142.263 158.197
137.774 161.061
132.883 163.832
126.729 164.661
118.777 163.52
111.513 160.788
117.58 157.568
126.122 158.325
133.09 157.979
133.39 159.074
126.418 159.577
117.409 158.597
