84.393 96.1588
91.3951 93.215
98.8448 93.0221
106.193 94.8765
113.733 96.9087
140.904 99.6324
146.49 97.5911
152.117 96.6373
157.963 96.8326
162.129 99.9755
128.439 110.83
129.857 118.146
131.476 125.509
132.925 133.336
116.928 138.657
122.468 140.605
128.474 141.509
133.31 140.997
136.991 139.396
95.795 111.544
100.767 112.114
106.987 111.797
111.827 110.557
106.856 112.796
101.044 113.035
138.247 111.499
143.025 113.07
148.281 113.883
152.346 114.584
148.008 114.714
142.806 113.767
104.679 155.044
112.088 153.47
119.461 152.682
126.59 153.203
132.341 152.611
137.605 153.867
141.533 156.847
137.099 159.762
131.96 162.055
125.943 162.64
118.341 161.481
111.184 159.102
117.34 155.925
126.141 156.434
133.189 156.399
133.101 156.814
126.119 157.452
117.141 156.458
