82.9992 96.0963
90.584 93.478
98.5498 93.0062
106.376 95.1763
113.932 97.4622
139.83 99.6802
146.141 97.6738
152.451 96.5431
159.002 96.7552
163.593 100.219
128.141 110.667
129.514 118.646
131.18 126.422
132.796 134.461
115.648 140.678
121.642 143.368
128.128 144.875
133.818 144.131
137.858 141.952
94.0512 109.372
99.9268 108.846
106.196 108.908
111.017 110.299
105.841 111.492
99.9603 111.237
139.398 111.173
145.216 110.501
150.884 110.732
155.634 112.405
150.687 113.279
144.833 112.757
102.77 157.024
111.034 155.477
119.02 154.973
126.632 155.985
132.74 155.341
137.888 156.498
142.255 158.808
137.798 161.66
132.544 164.413
126.316 165.011
117.978 163.795
110.045 161.141
116.727 158.137
126.128 159.322
133.522 159.086
133.753 159.61
126.327 159.884
116.156 158.848
