86.066 98.1653
93.0701 95.202
100.627 94.6221
108.099 96.8296
115.285 99.1975
140.93 101.482
146.765 99.3213
152.578 98.2286
158.496 98.5497
162.454 101.721
129.004 111.129
130.68 119.113
132.498 127.086
134.283 135.116
117.538 140.765
123.262 143.032
129.444 144.211
134.838 143.554
138.772 141.492
95.4253 110.216
101.24 110.136
107.648 110.197
112.692 111.355
107.286 112.493
101.166 112.123
139.601 112.543
145.238 111.831
151.049 111.872
155.744 113.234
151.192 114.511
145.189 114.223
105.474 155.621
113.14 154.066
120.813 153.911
128.033 155.075
134.16 154.355
139.377 155.551
143.345 157.769
138.956 160.676
133.588 163.179
127.412 163.555
119.526 162.224
112.322 159.477
118.1 156.903
127.507 158.315
135.192 157.963
135.274 158.214
127.687 158.195
117.742 157.126
