84.6314 97.8387
92.1029 94.7933
100.104 94.5938
107.87 96.8818
115.634 99.3517
141.371 101.604
147.293 99.2506
153.281 98.0734
159.458 98.0686
163.644 101.517
129.015 111.778
130.739 119.875
132.652 127.935
134.48 136.076
117.333 141.366
122.994 144.064
129.438 145.48
134.788 144.657
138.571 142.52
93.9448 110.698
100.038 110.489
106.673 110.427
111.719 111.53
106.28 112.884
100.026 112.696
140.432 112.726
146.317 112.206
152.282 112.288
156.956 113.681
152.095 114.966
145.932 114.652
104.81 157.694
112.55 156.003
120.361 155.678
127.903 156.609
134.154 155.933
139.396 157.332
143.065 159.687
138.721 162.291
133.637 164.797
127.54 165.51
119.428 164.163
112.007 161.344
118.153 158.77
127.39 159.858
135.029 159.502
135.176 160.104
127.565 160.635
117.679 159.235
