86.6708 96.0549
94.1521 93.6956
101.837 93.5721
109.286 95.626
116.502 98.0126
140.783 100.849
146.866 98.4688
152.904 97.4855
159.23 97.4576
163.742 100.609
130.177 110.312
131.585 118.444
133.22 126.585
134.865 134.83
117.483 140.074
123.419 142.642
129.976 144.077
135.844 143.063
140.012 140.615
97.3115 109.264
102.825 109.429
108.832 109.352
113.428 110.074
108.31 111.515
102.751 111.269
141.016 111.101
146.203 111.147
151.473 111.28
156.027 112.287
151.436 113.452
145.947 112.977
105.874 155.845
113.603 154.352
121.105 154.192
128.247 155.208
134.07 154.427
139.021 155.537
142.801 157.742
138.503 160.521
133.716 163.287
127.73 164.051
119.749 162.685
112.321 159.913
118.758 156.832
127.739 158.234
134.792 157.897
134.817 158.531
127.867 158.667
118.22 157.539
