86.8015 95.7786
94.3764 93.4548
101.965 93.4704
109.31 95.7097
116.453 98.0886
141.477 100.742
147.173 98.3568
152.935 97.0591
158.922 96.9943
163.172 100.216
129.921 110.75
131.378 118.535
133.016 126.259
134.705 134.017
117.678 139.484
123.665 142.24
130.254 143.688
135.828 142.691
139.746 140.107
96.8086 109.128
102.38 109.195
108.445 109.354
113.082 110.219
108.005 111.365
102.461 111.088
140.564 111.283
145.755 111.164
151.017 111.165
155.494 112.226
151.121 113.248
145.705 112.889
106.746 155.048
114.366 153.399
121.634 153.098
128.557 154.303
134.084 153.319
138.696 154.773
142.28 157.139
138.087 159.694
133.37 162.2
127.691 162.822
120.074 161.709
112.872 159.136
118.894 156.019
127.882 157.102
134.726 156.884
134.781 157.438
127.919 157.655
118.487 156.668
