85.796 97.3067
93.3322 94.5914
101.275 94.2055
108.958 96.2479
116.602 98.8661
142.127 101.709
147.698 99.307
153.668 98.1996
159.717 98.549
163.945 101.782
130.476 111.117
131.977 119.325
133.697 127.378
135.351 135.523
117.971 141.083
123.929 143.664
130.703 145.093
136.466 144.122
140.458 141.601
96.0353 109.444
101.574 109.527
107.888 109.908
112.817 110.8
107.439 111.482
101.696 111.18
140.856 111.677
146.074 111.715
151.332 111.814
155.839 112.894
151.259 113.573
145.892 113.275
104.698 156.123
112.988 154.999
120.973 154.81
128.602 156.102
134.256 155.191
138.974 156.31
142.542 158.461
137.969 160.609
133.221 163.064
127.537 163.686
119.479 162.572
111.697 159.845
118.282 157.616
127.991 159.184
134.597 158.604
134.38 158.689
127.717 158.841
117.633 157.851
