81.7721 95.0868
89.7593 92.5656
98.0016 92.3096
105.869 94.4535
113.723 97.015
140.325 99.8328
146.295 97.3953
152.478 96.084
158.922 95.8237
163.227 99.1687
128.351 109.304
129.886 117.857
131.642 126.399
133.374 135.101
115.001 140.869
121.27 143.519
128.141 145.005
134.156 144.012
138.549 141.34
92.225 108.298
98.1625 108.854
104.897 108.859
110.248 108.964
104.599 109.981
98.3722 109.788
139.672 110.262
145.322 110.736
151.157 110.883
155.916 111.727
151.139 112.271
145.216 111.859
102.094 157.049
110.21 155.326
118.212 154.949
125.84 156.159
132.041 155.318
137.196 156.578
141.061 158.916
136.06 161.333
131.138 164.024
125.161 164.914
117.048 163.749
109.37 160.839
115.18 158.306
125.161 159.51
133.189 159.077
132.996 159.015
125.051 159.675
114.654 158.602
