82.3989 96.1153
89.6024 92.6979
97.8971 92.2862
105.967 94.8292
113.9 97.7351
139.808 100.793
146.194 98.6272
152.53 97.4725
159.124 97.8114
163.116 102.27
127.726 111.398
129.144 119.372
130.739 127.174
132.013 135.437
114.84 139.468
120.925 142.53
127.983 144.016
133.628 143.216
137.776 140.724
92.6337 109.971
98.4612 111.053
105.165 110.901
110.538 109.939
104.971 111.869
98.5148 111.816
138.197 112.123
143.511 113.847
149.48 114.511
154.668 115.066
149.468 115.556
143.39 114.592
102.086 155.232
109.989 153.865
118.08 154.079
125.687 155.378
131.458 154.808
136.754 155.829
141.124 158.351
136.101 161.124
130.835 164.033
124.591 164.858
116.445 163.575
109.043 160.07
116.04 157.257
125.374 158.538
131.837 158.328
131.423 158.483
124.882 159.395
115.411 158.1
