82.6405 94.6835
89.1279 92.0868
96.6039 92.6211
103.782 95.2273
110.601 98.3599
136.812 101.567
143.198 99.7805
149.612 98.9159
155.891 99.0823
160.424 103.14
123.448 110.807
124.16 118.586
124.876 126.237
125.698 134.269
112.07 137.701
117.299 140.578
123.404 142.053
128.84 141.25
132.973 138.717
89.9861 108.065
96.0718 108.987
102.896 108.918
108.162 108.243
102.634 110.425
96.0997 110.342
135.093 111.567
140.797 113.153
147.246 113.581
152.415 113.962
147.06 115.244
140.634 114.461
101.462 151.097
108.07 150.901
115.093 151.511
121.642 152.525
127.662 152.108
132.991 152.985
138.154 154.643
133.259 158.165
127.552 160.53
120.744 161.021
112.979 159.593
106.532 156.033
113.584 154.175
121.295 155.192
127.622 155.21
127.618 155.844
121.146 156.124
113.229 154.885
