83.5832 90.349
90.0096 91.1628
97.2805 94.1234
104.51 97.9269
111.047 102.077
141.558 105.473
149.708 104.525
158.374 103.385
167.397 102.629
175.84 104.84
124.091 108.572
122.704 120.095
121.554 131.392
120.636 142.492
113.498 144.157
118.46 147.006
124.442 148.107
130.993 146.182
136.448 143.207
94.8052 103.23
99.6379 104.185
105.578 104.874
110.848 105.35
104.969 106.038
99.3481 105.42
145.474 110.791
151.234 113.342
156.878 113.973
162.971 113.733
156.234 114.373
150.487 113.365
107.735 152.746
112.78 154.578
117.969 155.436
124.012 156.691
132.169 155.631
140.088 155.452
148.562 156.138
141.647 161.537
134.129 166.093
124.733 167.659
116.627 164.991
111.452 160.001
116.157 157.683
124.388 160.167
135.463 158.899
135.814 158.958
124.893 160.106
115.92 158.107
