84.0301 89.5767
90.4572 90.8224
97.7779 94.3632
105.008 98.1215
111.52 102.202
142.983 105.218
151.408 104.07
160.33 102.777
169.364 102.008
177.581 104.285
124.625 108.269
122.949 119.919
121.38 131.141
120.036 142.286
111.681 143.008
116.995 145.828
123.483 146.944
130.365 145.417
136.276 142.439
93.3665 102.974
98.4927 105.169
104.611 105.742
110.997 105.495
104.55 105.915
98.348 105.048
145.573 110.725
151.936 113.638
158.351 113.792
165.614 112.261
158.457 113.779
151.699 113.39
106.825 150.558
112.078 153.02
117.246 154.221
123.226 155.59
131.333 154.428
139.14 154.079
148.205 154.386
140.907 159.591
133.729 164.15
123.9 165.474
115.863 162.577
110.841 157.426
115.769 156.44
123.516 158.504
133.648 157.373
134.434 157.999
123.788 159.263
115.571 157.025
