83.7962 90.8153
89.8718 91.3361
97.0962 94.3931
104.34 97.797
110.604 101.619
140.286 104.978
148.429 103.893
157.098 102.583
165.818 101.968
173.867 104.472
123.69 108.79
122.171 119.896
120.652 130.616
119.361 141.347
110.462 140.672
115.735 144.816
122.56 146.536
129.412 144.861
135.065 141.206
92.3596 103.449
97.5769 105.296
103.776 105.87
109.639 105.893
103.483 106.162
97.5516 105.357
143.285 110.972
149.457 113.849
155.871 113.963
162.69 113.035
155.821 114.361
149.088 113.739
106.531 150.23
111.492 152.373
116.484 153.423
122.339 154.812
130.22 153.734
137.837 153.596
146.465 153.785
138.993 158.529
131.799 162.302
122.461 163.709
114.913 161.09
110.219 156.787
115.344 155.79
122.332 157.796
132.263 156.828
132.574 157.02
122.459 158.274
115.062 156.301
