81.7951 85.2816
87.5274 86.8017
94.0829 90.1357
100.542 93.7801
106.134 98.1418
138.606 102.269
148.146 101.415
158.159 100.668
168.326 101.183
177.806 105.084
120.867 106.283
119.3 118.604
117.67 130.7
116.603 142.637
109.95 143.771
115.114 146.986
121.553 148.555
129.5 146.948
136.441 144.08
90.5686 100.962
96.0154 102.427
101.979 102.662
107.761 102.702
101.755 102.996
95.8185 102.042
143.497 110.372
150.57 113.351
157.284 114.001
164.592 113.639
156.81 114.197
149.862 113.025
105.573 153.624
110.71 155.225
115.776 156.214
121.654 158.292
131.291 157.629
140.776 157.763
150.521 158.611
141.953 163.71
132.623 167.746
121.633 168.492
114.187 165.287
109.487 160.063
114.102 158.235
121.622 161.007
134.355 160.371
134.333 161.686
121.668 162.134
113.551 159.528
