82.9866 84.0773
87.7164 84.7404
93.8406 88.0667
99.5471 91.7454
104.91 95.3031
132.759 99.1577
141.754 98.7465
151.082 98.9135
160.337 100.676
169.811 104.326
115.54 106.309
112.945 117.115
110.464 127.601
108.371 138.658
105.991 141.705
109.552 144.605
114.607 146.003
122.026 144.945
128.558 142.246
90.8968 99.4475
95.2638 100.816
100.501 101.053
105.914 100.602
100.425 101.332
95.2583 100.672
138 108.69
144.287 111.613
150.843 113.14
157.42 112.989
150.381 112.917
143.827 111.367
105.739 154.332
108.163 153.912
111.444 153.584
115.47 155.072
124.753 155.265
133.992 156.589
143.18 158.619
135.87 164.089
126.68 167.738
116.498 168.518
110.634 165.432
107.481 160.211
110.953 156.166
116.236 158.213
128.65 158.283
128.57 160.668
116.495 161.312
110.795 158.706
