85.9495 86.1776
90.7301 86.4289
96.2134 89.0436
101.663 91.948
106.914 94.6301
134.79 98.3615
144.046 98.3837
153.613 98.977
162.619 100.864
171.424 105.467
117.36 108.533
114.651 118.306
111.81 127.943
109.523 137.875
109.296 143.601
112.267 145.249
116.776 146.48
123.954 145.974
130.175 144.242
94.5381 102.552
98.2248 103.072
103.705 103.292
109.227 103.681
103.67 104.716
98.6096 104.222
139.603 111.054
145.353 113.991
151.759 115.064
158.521 115.067
151.663 115.677
144.952 114.217
107.7 157.81
110.247 156.698
114.163 156.095
118.37 157.843
127.804 157.983
137.005 159.986
145.752 162.529
138.301 167.077
129.607 170.662
119.385 171.124
113.06 168.565
109.339 163.702
114.001 159.617
119.215 161.38
130.373 161.904
130.556 163.981
119.573 163.594
114.059 161.873
