85.2621 87.4296
89.6047 87.2274
94.8324 89.6885
100.019 92.6835
104.862 95.2276
131.67 98.3775
140.63 98.4218
149.851 98.9458
158.439 100.67
166.731 105.065
115.09 108.277
112.692 117.719
110.062 127.079
107.704 136.884
106.811 141.911
109.783 143.278
114.201 144.543
121.113 144.155
127.288 142.925
92.9325 101.972
96.7965 103.14
101.894 103.655
107.28 103.474
101.708 104.252
96.9123 103.836
136.756 110.294
142.391 113.354
148.611 114.431
154.992 114.16
148.33 114.473
142.048 113.175
105.008 154.922
107.984 154.134
111.722 153.564
115.792 155.276
125.202 155.625
134.234 157.671
143.14 159.981
135.165 164.278
126.299 167.481
116.124 167.819
110.098 165.333
106.607 160.498
110.854 157.084
116.444 158.79
128.242 159.399
128.289 160.73
116.593 160.497
110.704 158.507
