81.8195 99.9581
87.383 97.839
94.3625 98.3936
100.787 99.3889
106.835 101.033
130.291 96.3815
139.99 92.9459
150.046 90.5238
160.063 89.9657
169.329 93.4655
118.585 110.054
119.007 119.796
118.895 129.005
119.001 138.174
114.312 143.603
118.788 145.077
124.157 145.319
130.895 143.389
136.758 140.981
94.9336 113.766
99.4125 112.349
104.221 110.926
109.199 109.994
104.594 112.485
99.5756 113.353
138.961 107.325
144.691 107.967
151.2 107.791
157.369 107.479
151.054 108.861
144.568 108.922
111.403 160.784
115.561 157.772
120.78 155.603
126.813 155.579
135.594 153.514
144.519 153.373
153.615 154.993
145.446 158.984
137.623 162.615
128.534 164.565
122.127 164.942
116.281 162.878
119.712 158.98
127.319 158.358
139.209 156.51
139.131 156.3
127.428 157.898
119.687 158.986
