89.2066 91.6094
93.1153 90.5759
97.3141 91.4316
101.444 93.5932
105.8 94.688
126.88 94.6971
137.374 95.6475
147.231 96.3672
156.515 100.099
164.382 106.604
114.824 109.954
111.039 117.782
107.46 125.305
104.372 132.944
105.414 142.472
108.393 143.233
111.903 143.677
117.385 143.334
122.697 142.708
98.3862 111.303
101.317 111.772
104.87 111.351
109.023 109.745
105.346 111.507
101.107 112.037
134.028 114.873
137.69 117.579
143.052 119.592
149.521 118.622
143.513 118.674
137.631 117.341
108.613 160.92
107.844 157.489
110.44 154.857
114.442 155.257
123.724 156.971
132.115 160.504
140.111 165.172
134.083 170.394
125.683 173.647
116.089 174.143
110.771 171.14
108.95 165.624
111.878 158.741
115.212 158.438
126.032 160.688
126.806 166.777
116.664 166.312
113.061 164.632
