90.6041 94.2084
96.7248 91.9155
103.451 92.1087
109.562 95.1304
115.397 98.2515
141.119 103.875
147.536 103.604
153.757 104.065
159.778 106.002
162.872 110.978
126.244 111.208
125.57 118.571
125.176 125.684
124.898 133.114
112.594 136.308
116.448 139.576
121.403 141.567
125.816 141.66
129.854 140.21
95.9893 106.639
102.017 107.671
107.983 108.622
112.658 109.681
107.358 109.789
101.691 108.916
138.532 115.955
144.073 117.416
149.862 118.482
154.522 120.249
149.273 119.943
143.519 118.33
99.393 149.157
105.825 149.627
112.246 150.254
118.453 151.999
124.355 152.112
129.687 154.004
134.564 156.577
129.239 159.758
123.251 161.953
117.011 161.501
110.129 158.718
104.26 154.441
110.881 153.247
117.873 155.346
124.281 155.567
124.294 156.564
117.923 156.29
110.55 153.821
