89.9006 93.1902
95.9656 90.7627
102.805 91.0547
108.95 94.0422
114.693 97.3257
141.283 102.775
147.806 102.526
154.11 102.561
160.117 104.477
163.231 109.442
126.548 109.523
126.584 117.371
126.98 125.019
127.333 132.894
112.742 135.532
117.164 138.787
122.475 140.786
127.322 140.79
131.602 139.077
95.8238 105.088
101.757 106.151
107.625 107.076
112.39 108.223
107.103 108.142
101.407 107.095
138.905 113.678
144.37 114.853
150.053 116.376
154.834 118.497
149.355 117.569
143.493 115.954
98.7196 148.553
105.355 148.371
112.457 149.085
119.33 150.963
125.339 151.092
130.648 152.918
135.167 155.86
130.789 161.152
124.747 165.12
117.19 165.386
109.095 161.509
103.259 155.666
110.51 151.788
118.534 154.003
125.765 154.231
125.935 158.838
118.186 159.909
109.356 155.646
