88.7418 92.3747
95.1459 89.8836
102.396 90.2062
108.91 93.2968
115.078 96.7844
141.73 102.752
148.514 102.148
155.108 102.759
161.566 104.872
164.838 110.3
126.846 109.857
126.163 117.681
125.806 125.104
125.487 132.692
112.151 136.751
116.518 140.199
121.816 142.107
126.512 141.956
130.582 140.098
94.797 105.079
100.919 106.193
107.347 107.182
112.727 108.292
106.848 108.743
100.685 107.631
139.187 114.78
144.991 116.356
150.99 117.526
156.107 119.353
150.563 119.046
144.426 117.414
99.0379 150.557
105.552 150.392
112.521 151.245
119.103 153.083
125.259 153.087
130.828 154.855
135.688 157.492
130.247 161.386
123.876 164.146
116.962 163.76
109.649 161.068
103.608 156.497
110.721 154.056
118.482 156.343
125.452 156.511
125.103 158.382
118.141 158.449
110.002 155.61
