91.6643 92.2127
97.7956 90.4868
104.297 90.9415
110.079 93.9448
115.531 97.1046
143.315 103.464
149.547 103.29
155.611 103.444
161.61 105.151
164.605 109.995
127.368 109.612
127.175 117.335
127.333 124.946
127.532 132.656
113.301 135.206
117.612 138.733
122.973 140.795
127.766 140.818
131.89 139.007
96.2035 104.651
102.205 105.825
108.281 106.761
113.053 108.014
107.64 108.178
101.752 107.084
140.114 114.099
145.831 115.441
151.586 116.905
156.336 118.83
150.856 118.104
144.899 116.487
99.5471 149.123
106.21 148.765
113.201 149.544
119.856 151.561
125.542 151.546
130.656 153.494
135.018 156.5
130.626 161.725
124.607 165.417
117.24 165.345
109.348 161.804
103.596 156.271
111.005 152.232
119.002 154.939
126.021 154.914
125.846 159.06
118.48 159.713
109.749 155.762
