88.6894 88.2753
93.9496 85.971
100.316 88.616
106.016 91.9635
111.225 95.8808
138.554 102.56
145.82 102.255
152.646 101.795
159.644 102.235
163.666 107.288
122.749 111.429
121.493 119.799
120.156 127.867
118.838 135.926
107.891 135.087
112.154 138.63
117.973 140.911
122.961 140.589
127.763 139.142
94.3408 105.372
98.8256 107.629
104.133 108.419
109.728 107.802
104.265 108.48
99.2898 107.59
135.185 114.88
140.098 118.744
145.378 120.293
150.969 119.668
145.565 119.806
140.153 118.021
96.5606 145.271
102.606 146.563
108.825 148.181
114.706 150.95
120.932 151.085
126.69 152.757
132.469 153.884
126.391 158.4
119.97 161.139
112.598 160.593
105.385 157.375
100.28 152.101
106.126 151.429
113.698 154.706
121.255 155.055
121.139 155.863
113.387 155.904
105.613 152.079
