84.4203 89.7852
90.2603 88.7278
96.593 90.6282
102.653 93.2603
108.516 96.7066
133.337 100.116
142.516 99.5469
151.656 100.264
160.336 101.656
168.497 105.351
120.352 107.326
118.818 117.804
117.149 128.054
115.636 138.683
108.457 139.636
112.999 143.413
119.105 145.61
126.2 144.881
132.618 142.081
94.5045 104.628
99.3873 106.598
104.684 106.306
109.631 104.756
104.487 106.192
99.3677 105.892
137.728 111.304
143.775 115.69
149.587 117.191
155.481 116.469
149.126 116.611
143.007 114.812
103.292 152.988
108.066 153.187
114.165 154.302
119.897 156.069
129.347 155.88
138.093 156.647
145.191 159.15
138.734 165.851
129.541 170.761
118.685 171.415
110.55 167.982
106.145 160.968
112.003 155.617
119.389 158.006
132.343 158.041
132.775 163.941
119.574 164.683
111.063 160.963
