84.6189 95.4034
89.6432 92.6704
96.3297 93.8951
102.667 95.7339
109.001 97.8995
137.831 98.4333
146.586 96.9988
155.283 96.0705
163.514 97.1625
170.164 101.983
122.556 110.448
122.139 119.82
121.698 128.751
121.521 138.052
110.84 139.913
116.126 143.381
123.14 145.142
130.271 143.748
136.514 140.788
91.9163 107.538
96.9593 107.502
102.85 107.646
108.71 109.156
102.92 109.694
97.1539 109.112
141.204 111.556
146.858 111.188
152.992 111.147
159.216 111.532
153.208 112.987
146.847 112.815
104.778 152.086
110.553 152.107
117.013 153.337
123.571 155.166
133.109 153.821
142.325 153.161
150.755 154.294
144.165 162.639
135.708 169.603
123.893 171.511
114.56 168.228
109.039 160.904
115.132 155.971
123.476 158.845
135.617 157.056
137.411 162.842
124.043 165.559
114.033 161.072
