83.2872 92.9286
88.6789 90.9926
95.0348 92.6158
101.385 94.9961
107.56 97.9564
133.859 98.2124
143.698 97.08
153.004 95.9338
161.967 96.8795
169.845 101.288
120.639 109.833
119.875 119.345
118.898 128.528
118.115 138.326
108.779 139.372
113.796 143.48
120.699 145.737
128.435 144.353
134.883 141.077
90.8043 106.28
95.9084 106.41
101.43 106.169
107.247 107.168
101.559 107.871
95.9693 107.274
139.081 110.961
145.324 111.2
151.786 111.284
158.547 111.623
151.612 112.592
145.149 112.175
103.966 152.857
108.988 152.906
114.939 154.312
120.809 156.632
129.657 155.254
138.699 154.689
147.133 155.811
139.856 162.92
131.485 168.268
120.859 169.621
112.832 166.885
107.784 160.635
113.572 156.722
120.734 160.184
132.359 158.137
133.801 161.61
121.317 163.947
112.602 159.92
