84.0053 96.075
89.0132 93.6218
95.4641 94.5903
102.134 96.7725
108.688 99.3674
135.717 99.46
145.222 97.9584
154.48 96.8153
163.457 97.7087
171.1 102.577
121.721 110.042
120.89 120.144
120.184 129.614
119.525 139.407
110.081 140.45
115.135 144.524
122.07 146.643
129.721 145.189
136.27 141.92
92.3887 109.326
97.1376 109.357
102.776 108.805
108.451 108.902
102.869 110.068
97.476 109.769
139.964 111.941
146.581 113.224
153.126 113.297
159.538 113.188
152.902 114.121
146.338 113.621
104.609 154.612
110.072 153.794
116.583 154.594
123.311 156.289
132.635 155.284
141.487 155.159
149.131 156.686
142.131 164.439
133.852 170.611
122.646 172.575
113.778 169.618
108.679 162.678
114.691 157.101
123.348 159.89
135.588 158.378
136.624 163.194
123.249 166.214
113.191 162.447
