80.2294 91.8149
85.4522 87.1252
93.4079 87.4654
101.181 89.8208
108.842 93.1297
138.301 94.8583
145.09 90.7596
151.675 88.1858
158.845 87.3969
162.99 91.9289
123.507 110.91
124.834 119.43
126.291 128.011
127.863 136.801
113.344 139.67
119.078 141.896
125.723 143.242
131.226 142.044
135.344 139.627
92.6494 114.482
98.699 115.078
105.28 113.928
109.926 112.98
104.672 115.483
98.527 115.79
134.013 112.337
139.913 114.594
146.122 115.666
151.399 115.674
145.68 116.509
139.435 115.656
102.203 151.84
109.37 151.066
116.788 151.428
124.872 152.269
131.786 151.178
138.013 150.602
143.904 151.638
139.07 158.32
133.214 164.05
124.739 166.667
115.143 164.091
108.154 158.617
114.262 153.994
124.474 154.639
133.391 153.592
134.369 158.73
124.559 162.17
113.209 158.863
