96.6502 107.43
99.0751 104.978
102.385 103.478
106.178 103.838
109.723 104.577
120.999 98.6186
130.215 94.9628
139.905 92.7174
149.006 93.9429
157.636 97.9776
115.243 113.673
112.678 119.906
109.58 125.991
106.818 132.203
112.544 143.835
115.066 143.651
117.506 143.287
121.334 142.343
125.278 141.197
104.541 117.043
105.169 113.169
109.305 112.591
114.397 114.507
111.202 119.061
106.629 119.896
133.457 111.64
136.51 106.435
142.528 105.854
149.734 108.011
143.988 112.601
137.971 113.598
115.935 161.588
115.668 158.844
116.724 155.113
119.98 154.83
127.885 152.55
136.271 154.261
144.92 156.103
138.794 163.15
131.652 169.235
122.653 172.057
118.17 170.891
115.711 167.095
117.977 158.353
121.393 157.559
130.607 155.939
131.5 162.246
122.445 165.94
118.582 165.157
