97.0364 107.919
99.2417 105.415
102.418 104.069
106.182 104.454
109.687 105.378
122.734 98.0045
132.173 94.4601
142.042 92.3836
151.328 93.5655
160.384 97.7255
115.684 113.788
112.64 120.689
109.053 127.417
105.756 134.123
112.697 145.47
115.071 145.46
117.673 145.056
121.96 143.831
126.502 142.397
104.692 118.712
105.087 114.2
109.594 113.33
115.513 115.108
112 120.261
107.017 121.139
135.365 111.58
138.658 106.412
145.237 106.22
152.881 108.431
146.66 113.004
140.121 113.871
117.376 164.924
116.481 161.799
117.042 157.703
120.703 156.942
129.357 155.005
138.681 156.565
148.12 158.747
141.793 166.477
134.253 173.067
124.575 176.416
119.615 174.958
117.218 170.666
118.654 160.685
122.487 159.709
133.337 158.037
134.705 165.715
124.352 170.123
120.055 169.017
