93.476 106.273
95.7167 104.525
98.7313 103.573
102.53 103.376
106.354 104.238
121.088 96.9923
130.315 93.4907
139.953 90.858
149.45 91.5728
158.605 94.9436
112.914 113.06
110.72 120.487
107.998 127.811
105.516 135.268
111.325 146.731
114.085 146.233
117.454 145.638
121.472 144.135
125.392 142.915
101.414 117.481
101.829 113.862
106.065 113.198
111.711 114.669
107.725 119.211
103.081 120.142
132.334 110.427
135.4 105.668
141.855 105.122
149.765 106.167
143.364 110.894
137.067 111.941
113.981 163.546
114.509 160.514
116.201 157.329
119.609 157.139
127.74 154.628
136.624 155.181
146.337 156
138.46 161.982
130.72 166.962
121.754 169.588
117.633 169.161
115 166.945
117.206 161.604
120.993 161.097
131.18 158.747
131.565 159.834
121.237 163.203
116.843 163.785
