84.5582 107.115
87.2621 105.344
89.4935 104.614
92.2209 104.186
95.1606 104.787
108.49 98.0583
116.003 94.3297
123.834 91.8559
131.966 92.2055
140.347 94.8626
101.992 109.916
100.003 117.998
97.8934 125.994
96.3796 134.516
100.741 143.454
102.946 144.542
106.042 144.675
110.057 143.562
113.831 141.074
90.3225 118.068
91.8152 116.956
94.6609 115.334
99.5018 112.61
96.4823 116.115
93.2443 117.949
120.296 108.573
124.08 107.581
128.873 107.335
135.027 107.088
129.638 109.451
124.456 109.907
106.947 162.025
106.904 159.492
108.171 156.773
110.966 155.884
118.775 153.293
127.4 153.278
136.305 154.441
128.585 159.253
121.629 163.595
113.791 166.254
110.403 166.008
108.462 164.024
109.367 159.971
112.86 159.492
122.175 156.855
121.578 157.422
112.034 160.49
109.49 160.923
