102.889 100.692
101.724 100.181
100.504 100.933
99.2732 102.437
98.4847 103.995
108.904 98.6517
114.329 93.5807
120.858 91.1244
127.078 91.6217
133.04 95.2885
104.675 110.651
102.68 118.726
100.815 126.573
99.1147 134.933
106.162 144.577
107.116 144.49
108.457 144.371
111.155 143.075
113.469 141.421
99.818 114.45
100.077 110.583
103.182 109.924
106.304 112.041
104.48 114.78
101.45 116.049
119.548 109.6
121.742 105.787
126.688 105.183
131.984 107.079
127.919 110.139
123.427 110.796
111.117 161.035
110.101 158.552
110.583 156.718
112.03 156.823
118.43 154.394
126.214 153.311
134.62 153.544
128.406 159.994
121.583 164.383
114.846 166.264
112.686 165.528
111.592 164.265
111.695 159.928
114.231 159.892
123.586 156.496
123.86 157.336
114.414 160.624
111.621 160.491
