76.8959 104.742
80.2772 103.744
83.3803 103.925
87.0122 104.285
90.7425 105.001
105.134 99.8327
112.331 95.9253
120.366 93.4369
128.709 93.8546
137.228 96.3885
98.0114 109.51
97.4573 119.347
96.6564 129.23
96.3407 139.327
100.774 144.822
103.145 145.55
106.288 145.463
110.711 143.859
115.009 141.771
85.3466 115.5
87.1869 112.899
91.1802 112.132
95.6835 113.186
92.2907 115.834
88.4162 116.903
115.113 109.834
118.632 107.45
124.037 106.125
130.089 105.698
125.386 109.647
119.767 110.835
109.144 159.307
108.669 157.595
109.688 155.316
112.393 154.797
118.944 153.394
126.597 153.733
135.079 154.876
130.195 161.141
124.163 165.748
116.771 167.821
112.767 166.409
110.704 162.972
111.268 158.033
114.738 157.58
122.775 156.077
123.719 159.835
115.51 161.971
112.459 161.056
