94.7407 100.701
100.17 98.2374
106.575 98.3162
112.932 100.864
118.649 104.326
134.774 108.641
139.681 107.182
144.982 106.812
150.229 107.113
154.431 109.845
127.32 114.652
127.377 120.924
127.558 127.129
127.682 133.622
116.689 135.064
120.277 137.599
124.407 139.124
128.339 138.789
131.263 137.151
100.493 108.986
105.45 108.338
110.594 109.143
113.879 111.942
109.379 112.68
104.537 111.842
133.528 116.32
137.821 115.177
142.379 115.889
146.038 118.044
141.9 119.641
137.246 119.085
108.289 145.184
113.262 145.521
118.116 145.672
122.704 146.98
127.148 146.977
130.605 148.77
133.842 151
130.724 153.453
126.735 154.694
122.081 154.481
116.766 152.722
112.209 149.536
117.039 147.879
122.279 149.425
127.382 149.909
127.627 151.346
122.559 150.615
117.049 148.844
