99.2831 95.8677
103.236 92.3721
108.154 92.7174
113.396 94.63
118.222 97.5133
140.808 103.31
149.199 103.082
157.432 104.179
164.355 108.336
168.933 115.334
126.269 109.421
121.96 114.854
117.753 119.758
113.6 124.96
111.164 136.252
112.655 136.664
115.877 137.247
119.145 137.977
122.357 139.09
102.062 109.775
106.524 109.703
111.429 110.343
116.37 110.909
111.06 112.365
105.852 112
139.747 117.45
144.66 118.548
149.926 120.198
155.976 122.175
149.667 122.453
143.936 120.851
99.7646 156.669
101.853 153.397
105.101 150.412
109.952 151.011
116.096 152.576
120.904 157.061
125.596 161.668
120.539 165.202
114.792 167.02
108.133 166.435
103.127 164.576
100.32 161.373
105.085 154.775
110.366 155.138
117.231 157.15
116.251 161.345
109.263 161.472
104.228 159.546
