101.315 95.7135
105.029 92.9754
109.338 93.6908
113.875 95.4375
118.161 97.9098
139.971 103.506
147.608 103.403
155.226 104.567
161.892 108.422
166.39 114.892
125.861 109.038
121.865 114.548
117.969 119.574
114.095 124.701
111.37 134.629
112.935 135.279
116.124 136.074
119.52 136.75
122.759 137.483
103.628 109.296
107.655 109.278
112.179 109.811
116.837 110.274
111.981 111.254
107.095 110.989
138.898 116.815
143.522 117.867
148.369 119.61
154.019 121.656
148 121.476
142.75 119.825
100.702 154.38
102.763 151.253
106 148.457
110.727 149.133
116.538 150.813
121.131 155.178
125.773 159.68
120.646 163.406
114.762 165.251
108.105 164.521
103.399 162.591
100.866 159.121
105.617 152.543
110.763 152.96
117.682 155.12
116.505 159.449
109.474 159.648
104.71 157.439
