97.367 93.8238
101.389 91.2595
106.136 92.2871
110.96 94.3224
115.557 97.343
139.547 102.259
147.522 102.635
155.242 104.022
162.04 107.787
167.047 113.977
123.58 108.73
119.342 114.234
115.167 119.522
111.1 125.092
108.908 135.321
110.637 136.196
114.312 137.187
118.101 138.015
121.952 138.806
99.2828 108.385
103.609 108.308
108.595 108.923
113.813 109.68
108.53 110.522
103.39 110.212
137.696 116.198
142.553 117.723
147.644 119.59
153.764 121.679
147.433 121.481
141.813 119.668
97.7976 155.722
100.474 152.154
104.388 149.456
109.592 150.353
115.747 152.302
120.795 156.809
125.317 161.776
119.785 164.883
113.667 166.027
106.891 164.965
102.09 163.241
98.9062 160.179
103.424 154.198
109.198 154.871
116.464 156.975
115.535 159.72
108.104 159.273
102.778 157.535
