88.1303 99.105
92.937 94.4417
99.5898 92.2977
106.464 93.3281
113.156 95.2857
140.139 96.8433
148.179 95.2803
156.59 95.4124
164.468 98.847
170.449 105.137
125.534 105.967
124.264 111.855
123.159 117.588
122.061 123.35
113.797 136.069
117.686 136.967
121.547 137.074
126.507 137.538
131.275 137.702
97.1539 112.08
102.372 108.8
108.639 109.092
113.814 111.783
108.022 113.406
102.502 113.588
140.956 113.42
146.881 111.124
153.4 111.743
158.668 115.719
152.398 116.888
146.306 115.966
105.003 160.917
108.065 154.161
114.25 149.32
121.603 148.937
129.976 149.874
136.685 155.248
140.705 162.287
135.792 166.118
128.833 167.942
121.41 167.632
114.574 167.634
108.484 165.167
112.413 155.132
121.658 153.029
132.287 155.593
131.481 162.944
121.294 162.048
112.576 162.757
