89.3707 99.0524
93.9936 94.2399
100.526 92.0988
107.316 93.3023
113.717 95.6706
141.682 97.2018
149.601 95.6319
157.861 95.604
165.567 99.1735
171.619 105.397
125.905 105.462
123.929 111.559
122.105 117.452
120.394 123.324
113.015 137.647
116.857 138.079
120.763 138.041
125.87 138.366
130.733 138.463
98.0312 112.528
103.028 109.573
109.298 109.662
114.323 112.043
108.706 113.806
103.211 113.9
142.474 113.818
148.329 112.108
154.598 112.855
159.435 116.693
153.323 117.825
147.435 116.658
102.815 161.875
106.449 155.001
112.867 150.16
120.436 149.68
129.244 150.858
136.219 156.688
140.606 163.967
135.25 168.528
127.46 170.574
119.327 170.056
112.487 169.808
106.154 166.853
110.74 156.199
120.181 154.159
131.643 156.832
130.465 165.019
119.362 163.794
110.733 164.237
