89.9866 101.468
94.2736 98.0113
99.9208 96.5741
105.646 96.7949
111.419 97.6699
135.561 97.5056
142.712 96.6136
149.704 96.2361
156.71 98.2775
161.963 102.528
124.05 105.262
123.423 109.621
122.858 113.668
122.49 117.977
114.682 131.886
118.408 132.592
122.313 132.636
126.78 132.568
131.033 131.987
96.8598 113.347
101.003 110.355
106.503 110.284
110.834 112.561
106.296 115.196
101.312 115.301
138.036 112.533
143.072 110.266
149.041 110.67
153.568 114.29
148.049 116.154
142.651 115.544
105.736 157.23
107.996 149.426
114.05 143.491
122.259 142.047
130.736 142.942
137.012 148.93
139.233 157.305
136.316 163.216
129.701 166.616
121.882 166.662
114.086 166.822
107.899 163.166
111.914 148.836
122.203 145.174
132.567 148.32
131.541 161.809
121.97 162.94
112.662 162.379
