78.8497 105.015
84.9842 99.63
92.9459 97.4365
101.296 97.6796
109.759 99.2017
133.922 96.6858
142.407 94.4637
151.298 93.5641
160.119 95.617
167.234 101.033
122.124 107.751
122.17 116.103
122.166 124.809
122.164 133.603
112.149 140.15
117.005 142.16
122.622 142.718
128.706 141.418
134.037 138.698
89.4149 114.386
95.5899 110.001
103.31 109.805
109.199 113.839
103.455 116.715
95.9209 117.159
138.405 112.117
143.64 107.726
151.541 107.049
158.696 110.391
152.233 114.136
144.42 114.424
101.983 161.527
107.066 156.015
114.809 153.196
123.213 152.796
132.395 151.897
141.46 154.061
148.467 159.783
142.953 167.402
134.784 172.948
124.287 174.801
114.066 174.341
106.087 169.432
113.031 156.276
123.597 155.376
135.528 155.287
136.294 165.322
123.7 167.653
112.685 166.603
