84.7532 97.4816
90.0123 92.9361
97.187 92.0346
104.074 93.3934
111.054 95.7321
136.847 95.9928
145.76 93.856
154.901 92.9833
163.802 95.6286
170.783 102.068
121.706 107.582
119.538 115.46
117.524 123.202
115.868 130.73
110.926 140.554
114.204 142.045
117.924 142.841
123.552 142.243
128.724 141.138
94.0999 112.716
99.0833 113.326
104.931 112.432
110.269 110.37
105.015 112.543
99.3323 113.643
141.373 111.619
146.551 114.602
152.355 115.144
158.193 114.243
152.236 114.433
146.413 113.55
101.997 160.169
107.302 157.861
112.775 156.082
118.521 157.022
126.474 156.493
134.256 159.034
142.134 162.197
134.94 165.107
126.912 166.971
118.478 167.016
111.879 166.554
106.136 164.144
111.591 160.525
118.552 160.386
128.635 160.723
128.568 161.124
118.305 160.935
111.208 160.868
