82.4636 99.8453
88.7628 95.3042
96.5324 94.2109
104.296 95.6879
111.846 98.0712
136.993 96.946
145.574 94.5268
154.801 93.2305
163.547 96.1667
170.104 102.085
123.803 107.562
122.892 116.266
122.137 124.68
121.578 133.117
114.751 140.459
118.542 141.837
122.528 142.604
127.721 142.03
132.423 140.628
92.9491 112.541
98.586 110.018
105.493 109.525
111.6 111.262
105.769 114.445
99.0159 114.917
140.004 111.249
145.979 109.693
152.916 109.791
159.099 111.774
152.774 114.465
145.909 114.142
106.38 161.252
111.416 158.023
117.16 155.482
123.082 156.306
130.416 155.149
137.804 157.488
144.571 160.698
138.233 163.955
131.315 166.321
123.615 166.894
116.883 166.682
110.995 164.713
115.355 160.18
123.003 159.956
133.015 159.727
133.124 160.427
123.173 160.605
115.449 161.046
