82.3946 103.486
88.1126 98.8376
95.2485 97.5605
102.416 98.3678
109.468 100.473
134.324 99.3443
142.601 97.2282
150.952 96.3296
159.146 98.5004
165.834 103.595
121.981 109.422
121.178 117.379
120.456 125.106
119.964 132.774
113.778 141.936
117.175 142.771
120.804 142.918
125.494 142.621
129.902 141.46
91.7229 113.539
97.3476 109.905
104.504 109.783
110.29 112.938
104.454 115.675
97.5162 116.14
137.62 112.336
142.893 109.191
150.11 109.172
156.408 112.578
150.126 115.197
143.104 114.901
104.352 163.54
109.327 159.349
115.391 156.409
121.899 156.701
129.029 155.91
136.121 158.635
142.114 162.92
137.612 168.665
130.98 172.756
123.055 173.385
115.103 172.99
108.524 169.376
113.973 160.907
121.993 160.588
131.32 160.49
131.882 166.824
122.625 167.138
114.142 166.7
