82.5733 103.217
88.53 98.591
95.9018 97.5109
103.326 98.4688
110.48 100.674
135.001 99.8225
142.978 97.6504
151.227 96.6616
159.28 98.9219
165.679 103.502
122.534 108.48
121.638 117.129
120.789 125.591
120.174 133.794
113.668 142.017
117.131 143.071
121.031 143.423
125.817 143.175
130.098 141.97
92.3646 113.458
97.992 110.217
104.904 110.011
110.653 112.561
104.848 115.739
98.0286 116.372
138.097 112.289
143.53 109.758
150.511 109.79
156.771 112.817
150.459 115.578
143.543 115.179
104.848 163.394
109.802 159.299
115.746 156.366
121.97 157.012
129.229 156.04
136.385 159.048
142.66 163.229
137.483 168.381
130.8 172.09
122.873 172.847
115.104 172.611
108.739 169.221
114.85 161.307
122.114 161.252
131.463 161.055
131.796 165.764
122.462 166.465
114.76 165.783
