80.0482 107.396
85.7429 102.042
93.3308 100.303
101.163 100.629
108.965 102.248
130.813 97.7429
139.256 94.1001
148.022 91.6933
157.094 93.2056
165.777 97.3097
119.751 108.765
119.249 116.69
118.742 124.866
118.34 132.972
113.234 142.766
117.119 143.819
121.523 143.691
126.928 142.415
132.061 140.116
91.7907 117.152
96.4742 113.458
102.647 112.625
108.62 113.465
103.404 117.196
97.5444 118.125
137.798 110.485
142.975 107.829
149.496 107.379
156.47 109.753
150.045 112.46
143.493 112.3
106.703 168.488
111.188 162.262
117.045 157.407
124.142 156.71
132.084 154.88
140.305 157.835
146.933 163.017
141.493 169.1
134.394 173.41
126.157 175.216
118.356 176.191
111.265 173.849
116.049 162.872
124.69 160.894
134.926 159.946
134.679 165.853
124.348 167.714
116.024 168.443
