79.2345 105.346
85.5594 100.449
92.975 98.743
100.795 99.1286
108.487 100.953
131.741 95.824
139.616 92.1573
148.057 89.5937
156.7 91.0056
163.981 95.2556
120.654 106.836
120.677 115.346
120.973 124.081
121.439 132.548
114.071 140.468
118.703 142.103
123.736 142.096
129.293 140.504
134.243 137.824
90.4719 115.586
96.1372 115.394
102.147 114.511
108.027 112.838
102.358 115.172
96.0363 116.091
137.439 109.793
143.152 109.975
149.553 109.784
155.957 109.064
149.644 110.967
143.154 110.935
106.323 163.76
111.504 158.597
117.922 154.64
125.345 154.12
133.018 152.249
140.798 154.482
147.348 158.893
142.161 163.877
135.575 168.29
127.451 170.193
119.14 170.684
111.734 168.295
116.093 159.128
125.876 157.714
136.134 156.575
136.294 161.216
125.978 163.178
116.063 163.818
