81.8695 104.696
87.6362 100.572
94.3411 99.1908
101.311 99.7551
108.195 101.255
132.254 96.8209
139.779 93.4058
147.69 91.136
155.809 92.3662
162.6 96.4987
121.579 107.089
121.855 115.078
122.321 123.159
122.891 131.09
115.337 139.253
119.586 140.656
124.271 140.592
129.355 139.165
133.896 136.611
91.7853 115.494
97.1588 115.011
102.889 114.182
108.544 112.974
103.158 115.122
97.194 115.92
137.189 110.126
142.62 110.064
148.639 109.692
154.784 109.241
148.776 111.014
142.586 111.021
106.779 161.723
112.006 156.62
118.387 152.94
125.539 152.447
132.998 150.741
140.404 152.901
146.587 157.29
141.517 162.132
135.224 165.995
127.383 167.717
119.181 168.388
111.882 166.102
116.334 157.491
125.972 156.168
135.807 155.115
136.058 159.188
126.156 160.677
116.369 161.411
