79.6602 103.32
85.7485 99.0473
93.2911 97.6915
100.931 98.1546
108.562 99.6089
131.79 95.5902
139.683 92.2478
147.817 89.978
156.531 91.1314
164.197 94.9619
120.149 107.503
119.587 115.972
119.173 124.42
119.13 132.723
113.237 140.695
117.332 142.038
121.759 142.044
127.6 140.552
133.037 137.995
90.8735 115.904
96.5513 116.208
102.54 115.223
107.67 112.515
102.289 115.398
96.341 116.741
137.542 109.775
143.226 111.911
149.607 111.919
155.744 109.833
149.443 111.934
143.056 111.6
105.828 164.582
111.082 159.143
117.254 154.843
124.252 154.756
132.113 152.613
140.217 155.089
147.336 159.875
141.781 165.468
134.761 169.545
126.257 171.137
118.409 171.582
111.194 169.206
116.08 159.924
124.72 158.749
134.645 157.617
134.984 161.877
125.107 163.645
116.289 164.02
