81.6264 103.654
87.1312 99.5873
94.0096 98.3132
101.003 98.6043
107.906 100.119
131.034 96.6713
138.66 93.2006
146.52 90.8375
154.963 92.2061
162.448 96.0244
119.284 107.888
118.746 115.768
118.142 123.534
118.016 131.37
113.174 139.882
117.051 140.902
121.15 140.713
126.529 139.389
131.721 137.177
92.598 116.329
97.8126 116.292
103.166 115.168
108.272 112.982
103.219 115.518
97.8027 116.75
136.833 110.081
142.16 111.618
148.034 111.458
153.986 109.696
148.02 111.585
142.03 111.416
107.105 162.407
111.45 157.111
116.936 153.131
123.495 152.831
131.189 151.069
138.888 153.253
145.882 157.544
140.729 163.15
133.914 167.212
125.501 168.838
118.062 169.511
111.566 167.164
116.157 158.043
124.149 156.369
133.58 155.919
133.897 159.945
124.399 161.577
116.226 162.2
