83.8811 88.6878
88.6721 83.997
94.9201 83.2934
101.001 85.2629
106.471 87.8615
137.966 90.7755
145.577 87.7852
153.554 85.6122
161.572 87.1041
167.327 92.1551
120.663 108.75
118.868 117.566
117.023 126.319
115.697 134.953
110.667 142.97
114.266 144.935
118.497 145.468
124.259 144.658
129.427 142.369
94.272 111.142
99.8404 109.462
106.184 110.079
111.787 112.559
105.917 114.783
99.2731 114.511
139.638 113.427
145.287 110.679
152.12 110.848
158.201 113.371
151.898 116.654
145.249 116.505
104.625 164.061
108.23 160.263
113.374 157.388
118.929 158.126
127.364 157.349
135.44 160.962
142.26 165.719
137.625 173.357
129.764 178.164
120.767 179.137
113.008 177.372
107.346 171.715
111.949 161.978
119.038 161.365
130.876 162.044
131.852 170.085
120.303 170.791
112.006 168.429
