84.3379 87.1616
88.7542 82.35
94.7402 81.3541
100.709 83.1144
106.291 85.8957
139.097 88.7457
147.335 85.7523
155.721 83.8198
164.204 85.7386
169.776 91.5612
121.373 108.747
118.967 117.643
116.328 126.166
114.328 134.862
109.17 143.472
113.228 145.457
117.919 146.098
123.867 145.525
129.514 143.382
94.7565 110.671
99.8941 108.424
106.378 108.984
111.974 112.002
105.983 114.226
99.3959 114.019
140.78 113.749
146.393 110.544
153.311 110.732
159.3 113.451
153.042 116.592
146.409 116.595
104.269 164.388
108.295 160.875
113.783 158.596
119.532 159.147
128.515 158.478
137.23 161.592
144.778 166.234
139.45 173.584
130.86 177.525
121.386 178.262
113.3 176.532
107.198 171.424
112.436 162.921
119.581 162.487
132.262 162.909
133.298 170.072
121.031 171.113
112.563 168.637
