85.3337 89.9912
89.6531 85.1354
95.5157 84.5526
101.188 86.2926
106.204 89.0307
138.196 90.9745
145.381 88.8251
152.898 86.9339
160.694 88.1508
166.566 93.23
121.139 109.738
119.321 117.98
117.527 126.109
116.225 134.26
110.445 143.298
114.293 145.306
118.636 145.926
124.206 145.259
129.204 143.262
95.1272 111.772
100.005 109.451
106.308 110.154
111.748 113.088
106.068 114.923
99.7186 114.767
140.034 113.889
145.301 110.742
152.151 111.103
158.178 114.113
151.9 116.914
145.417 116.578
105.029 163.415
108.614 159.686
113.887 157.702
119.311 158.546
127.557 157.666
135.715 159.957
142.716 164.642
137.215 170.699
129.345 173.893
120.894 174.463
113.789 173.386
108.149 169.266
112.858 162.585
119.678 162.369
131.24 162.589
131.549 165.845
120.513 166.082
112.775 165.078
