84.2888 103.011
89.5327 97.9158
97.1024 96.6648
104.753 97.4137
112.014 100.021
133.922 97.8306
142.828 94.5561
152.349 92.8659
161.134 95.5629
168.578 101.093
121.053 108.829
119.494 116.257
117.88 123.273
116.554 130.542
112.539 141.652
116.122 142.783
120.01 143.018
125.58 142.359
130.796 140.264
94.277 114.409
98.7513 110.448
105.055 110.26
110.429 112.909
105.194 115.885
99.5265 116.401
139.471 111.992
144.466 108.476
151.186 108.35
157.715 111.217
151.193 113.915
144.746 113.846
106.42 164.258
110.357 159.345
115.928 155.757
122.091 155.472
129.873 154.63
137.892 156.778
144.976 160.815
138.476 165.016
130.944 167.991
122.86 168.563
116.687 168.996
110.79 167.543
116.312 161.682
122.495 160.601
131.622 159.968
131.382 160.387
121.885 160.878
115.536 161.907
