84.0922 102.29
89.4602 97.4234
96.7173 96.3462
104.001 97.6397
111.062 100.063
132.846 98.4293
141.735 95.4461
151.131 93.6815
160.212 95.7305
167.971 101.327
121.083 108.175
119.729 115.705
118.446 123.25
117.266 130.786
112.033 141.604
115.759 142.879
119.739 143.242
125.092 142.437
129.948 140.512
93.9661 114.531
98.8363 110.466
105.217 110.417
111.009 113.241
105.442 115.86
99.4948 116.415
139.107 111.977
144.339 108.504
151.149 108.459
157.863 111.581
151.24 114.178
144.686 114.025
106.205 163.595
110.118 159.07
115.825 156.352
121.977 156.581
129.897 155.562
137.963 157.535
145.139 161.137
138.712 165.093
131.029 167.229
122.985 167.79
116.618 167.923
110.587 166.672
116.125 161.677
122.256 161.186
131.535 160.316
131.914 162.627
122.568 163.156
115.923 163.425
