84.6406 103.755
89.97 98.5758
97.2923 96.9857
104.862 97.8158
112.241 99.9154
132.962 98.4409
141.583 95.8635
150.313 94.4782
158.995 96.8127
166.511 101.928
121.161 109.464
119.771 116.315
118.536 122.952
117.623 129.636
113.169 140.157
116.41 141.349
120.221 141.533
125.316 140.75
129.91 139.098
94.0618 114.152
98.9304 110.098
105.464 110.194
110.658 113.04
105.265 115.337
99.4667 115.804
138.208 112.134
143.36 108.874
150.044 108.858
156.394 112.157
149.822 114.284
143.673 113.946
105.642 163.35
109.312 157.643
115.013 153.69
121.529 153.405
129.314 152.774
136.893 155.906
143.14 161.034
137.597 166.111
130.353 169.163
122.263 169.81
115.5 170.432
109.118 168.36
114.655 158.854
121.584 157.876
131.164 157.804
130.929 162.103
121.603 162.619
114.684 162.893
