85.0575 102.817
90.5402 97.5537
98.1044 96.3259
105.928 97.4626
113.382 99.609
133.785 97.6985
142.569 94.6154
151.653 92.7651
160.766 95.0741
168.609 100.547
122.533 108.245
120.978 115.325
119.487 122.273
118.416 129.39
113.266 139.311
116.83 140.612
120.933 140.9
126.476 140.183
131.656 138.44
94.875 113.578
99.6229 109.642
106.287 109.678
111.62 112.283
106.253 114.892
100.275 115.336
139.64 110.9
144.853 107.734
151.806 107.748
158.456 110.65
151.617 113.167
145.141 112.855
107.091 163.895
110.699 157.804
116.24 153.576
122.493 153.111
130.46 152.21
138.316 155.472
144.859 161.265
139.365 166.686
131.779 169.831
123.534 170.26
116.999 170.922
110.542 168.911
115.911 159.203
122.697 157.522
132.598 157.57
132.582 162.178
122.835 162.727
116.014 163.082
