84.8181 103.598
90.4019 98.636
97.7665 97.2421
105.42 97.9853
112.831 100.033
134.545 98.003
143.248 95.0288
152.193 93.4268
161.108 95.9125
168.749 101.336
122.072 108.877
120.916 115.914
119.725 122.8
118.856 129.589
113.956 140.162
117.389 141.305
121.344 141.537
126.711 140.813
131.546 139.147
94.8488 114.23
99.5283 110.407
106.057 110.357
111.402 112.986
106.078 115.45
100.2 115.822
140.124 111.34
145.167 108.153
151.912 108.074
158.604 110.893
151.891 113.347
145.519 113.038
107.095 164.614
110.781 158.575
116.47 154.631
122.878 154.148
130.78 153.347
138.761 155.929
145.604 160.908
139.943 166.122
132.375 169.434
124.156 170.266
117.393 171.019
110.761 169.2
116.115 159.603
123.086 158.063
133.277 157.696
133.2 161.933
123.13 162.919
116.198 163.396
