83.6008 98.4851
89.3762 94.3314
96.8327 93.7541
104.295 95.1798
111.532 97.7726
135.02 97.5639
144.662 94.5108
154.998 93.3874
164.912 95.8281
173.222 101.82
120.816 108.101
118.416 116.449
115.736 124.33
113.567 132.67
109.378 144.025
113.021 145.635
117.329 146.237
123.782 145.516
129.583 143.437
92.9328 111.912
97.7798 108.25
104.604 108.437
110.175 111.426
104.432 113.09
98.4364 113.336
141.864 111.936
147.588 108.533
154.674 108.874
161.526 112.126
154.464 113.987
147.623 113.731
102.479 169.333
106.597 164.34
112.142 160.573
118.712 160.813
127.646 160.311
136.151 163.562
143.931 168.391
136.706 173.127
128.309 176.301
119.364 177.023
112.698 176.811
106.28 174.368
112.597 166.469
118.904 165.378
129.576 165.809
129.272 167.513
118.661 167.551
112.229 167.581
