85.8562 99.5195
91.5359 95.772
98.6946 95.5363
105.775 97.2293
112.521 99.4574
134.225 99.6565
143.459 97.4039
152.857 96.247
162.098 98.5034
169.575 104.378
121.542 109.272
119.166 116.79
116.672 123.999
114.594 131.481
109.924 141.934
113.987 143.667
118.166 144.235
123.633 143.747
128.891 141.826
94.0873 112.545
99.1668 108.576
106.238 108.992
111.371 112.529
105.667 114.261
99.5564 114.223
139.707 113.271
145.392 109.766
152.445 110.126
158.888 113.899
151.879 115.665
145.276 115.255
103.163 164.609
107.005 159.356
112.87 156.422
119.161 156.991
127.632 156.14
135.947 159.283
142.66 164.845
136.571 170.773
128.801 174.604
119.889 175.135
112.459 174.64
106.034 171.103
112.817 161.269
119.137 161.258
129.414 161.306
129.335 167.017
119.342 167.356
112.681 166.483
