84.6832 98.5013
90.6514 94.1685
98.2109 93.7027
105.647 95.2577
112.937 97.8556
135.712 99.4324
145.336 96.5879
155.314 95.8491
164.772 98.532
172.111 105.062
122.739 108.62
120.55 116.155
118.091 123.381
115.985 130.918
111.046 141.274
114.737 143.402
118.941 144.135
124.722 143.57
130.23 141.684
94.0578 111.144
99.4109 107.111
106.283 107.395
111.546 111.368
105.891 113.246
99.7114 113.278
141.182 112.933
147.01 109.41
153.959 109.698
160.265 113.631
153.469 115.705
146.751 115.283
104.191 164.07
108.487 160.083
113.82 156.985
119.792 157.605
127.541 156.923
135.053 160.289
141.784 164.811
135.029 168.369
127.553 170.848
119.695 171.237
113.598 170.961
107.944 168.527
113.808 162.733
119.686 162.113
128.628 162.574
128.327 163.373
119.346 163.005
113.508 163.025
