82.9885 100.255
88.3706 94.7227
96.0675 93.8969
103.691 96.0649
110.853 99.263
136.547 97.6843
144.873 94.5569
153.876 92.4028
162.734 94.0836
169.638 100.459
122.057 110.312
120.469 117.665
118.824 124.811
117.61 131.986
112.841 142.536
116.825 143.237
120.661 143.221
126.066 142.659
131.057 141.377
95.0746 114.593
99.6976 111.874
105.926 111.834
111.101 113.462
105.76 115.428
100.181 115.895
140.786 112.605
145.457 110.523
151.697 110.741
157.528 112.934
151.515 114.356
145.619 114.102
104.999 165.783
109.251 160.395
115.228 156.873
121.891 156.522
130.085 155.998
137.789 158.952
144.534 164.13
138.216 168.626
130.832 171.441
122.7 172.075
115.665 172.463
109.423 170.334
114.824 162.262
121.901 161.125
132.009 161.261
131.742 163.934
121.901 164.15
114.726 164.535
