81.0958 100.268
86.8231 94.9047
94.7261 93.9775
102.647 95.662
110.135 98.7503
135.626 96.3181
143.866 93.1006
152.625 90.9064
161.448 92.6105
168.443 98.6169
121.037 109.142
119.667 117.054
118.155 124.74
116.975 132.424
112.702 142.217
116.163 143.32
120.034 143.376
125.691 142.522
130.818 140.878
93.5535 115.168
98.8516 112.437
105.17 111.917
110.64 113.105
105.061 114.853
99.222 115.657
139.934 111.904
145.276 109.933
151.633 109.964
157.674 111.777
151.501 113.103
145.406 112.768
106.467 166.112
110.38 160.87
115.954 156.934
122.42 156.519
130.409 155.676
138.083 158.588
144.824 163.424
138.704 167.787
131.55 170.877
123.517 171.667
116.872 172.01
110.658 170.144
115.581 162.667
122.545 161.234
132.946 161.269
132.637 163.145
122.333 163.545
115.364 164.122
