86.3424 101.747
91.1884 99.2325
96.4917 99.217
101.811 99.9368
107.036 101.112
130.234 96.8079
137.373 93.5108
144.986 90.7317
152.73 90.9351
159.888 93.3844
117.3 110.799
116.186 118.751
114.592 126.517
113.028 134.272
112.132 144.371
114.907 144.943
118.316 145.077
124.285 143.629
130.097 141.77
94.6403 116.305
99.1811 114.525
104.426 113.857
109.564 113.641
104.471 115.453
99.449 116.526
136.086 109.713
141.194 108.395
146.576 108.238
152.344 108.432
146.693 109.948
141.022 110.379
111.453 167.461
113.009 161.88
116.859 157.934
122.032 157.657
130.37 155.72
138.742 157.944
146.612 162.381
140.588 167.266
133.372 170.725
125.43 172.576
119.848 172.956
114.52 171.25
119.032 163.505
123.417 162.484
132.941 161.307
133.265 163.239
123.689 164.422
119.137 164.667
