81.0076 104.561
86.8098 99.826
93.6918 98.4752
100.956 98.3569
108.052 99.563
131.595 95.6316
139.594 91.7191
148.229 88.7109
157.243 89.5551
165.301 93.1213
118.746 108.354
118.398 116.603
117.906 125.049
117.792 133.37
113.119 143.457
117.369 144.506
122.088 144.386
127.615 142.744
133.102 139.931
90.9706 115.797
95.7619 111.863
102.14 111.255
108.289 112.796
102.626 115.451
96.5442 116.106
138.355 108.788
143.264 104.852
150.184 103.901
157.87 106.15
151.21 109.159
144.224 109.601
107.362 166.231
111.468 160.852
117.407 157.076
124.134 156.721
133.073 154.779
142.459 156.749
151.251 160.69
144.71 167.355
136.282 172.218
126.691 174.534
118.788 174.898
111.826 172.008
117.414 162.08
125.003 160.855
135.887 159.534
136.693 163.978
125.251 165.921
117.431 166.266
