80.3275 103.003
86.8068 99.2742
93.8058 98.1821
100.945 98.3749
107.916 99.9213
132.283 95.6425
140.787 91.6242
149.81 88.8948
159.134 89.6879
167.265 93.5476
119.204 108.941
118.694 117.776
117.723 126.572
117.11 135.214
113.594 145.077
117.388 145.965
121.547 145.986
127.702 144.326
133.618 141.343
90.7023 115.713
95.9484 111.522
103.179 110.52
109.743 112.461
103.507 115.713
96.8411 116.541
139.322 109.332
144.916 105.043
152.423 104.066
159.849 106.717
153.052 109.946
145.681 110.362
110.402 168.324
113.471 163.389
118.457 159.529
124.219 159.396
133.052 157.362
141.992 159.456
150.696 162.504
143.821 167.837
135.732 171.983
126.803 173.971
120.321 174.378
114.302 172.452
118.438 165.911
125.426 164.854
137.104 163.476
137.152 163.58
124.968 164.785
118.174 165.928
