85.5722 98.9718
91.7148 97.5662
97.7634 98.65
103.61 99.9156
109.493 101.589
130.786 98.3232
138.113 94.444
145.868 91.1122
154.117 90.7169
161.773 93.4111
118.846 110.616
117.899 119.598
116.84 128.483
115.848 137.268
112.54 146.378
116.152 147.313
120.693 147.35
126.999 145.483
132.981 142.693
94.7785 113.913
99.756 110.517
105.946 110.151
112.09 112.054
106.471 115.323
100.328 115.973
137.925 108.961
143.074 105.357
149.582 104.754
156.263 106.886
150.536 110.46
143.831 110.804
112.221 165.749
114.78 161.275
119.407 158.676
124.564 158.866
132.662 156.193
141.465 157.037
149.173 160.885
144.469 167.615
137.312 172.69
128.79 174.866
121.938 174.878
115.667 171.409
120.131 163.52
125.993 162.999
135.46 160.778
136.518 163.554
126.624 165.201
120.363 165.625
