84.9085 99.725
90.9327 97.7507
96.9993 98.5401
102.904 99.76
108.999 101.272
130.964 97.7411
138.917 94.038
147.22 91.0952
155.905 91.3051
163.722 94.3289
118.908 110.76
118.04 119.669
116.909 128.447
115.951 137.071
113.247 146.301
116.88 146.788
121.039 146.693
127.127 144.906
132.864 142.477
94.6107 114.03
99.575 110.385
105.832 110.095
111.797 112.515
106.261 115.71
100.125 116.238
138.504 109.3
143.596 105.139
150.295 104.459
157.404 106.929
151.375 110.749
144.421 111.177
112.041 166.62
114.736 161.571
119.444 158.448
124.724 158.85
132.947 156.211
141.772 157.439
149.515 161.747
144.239 167.867
136.911 172.225
128.582 174.247
122.035 174.546
115.772 171.804
119.947 163.611
126.166 162.792
136.085 161.102
136.891 163.817
126.643 165.125
120.288 165.696
