87.035 99.4399
92.8878 98.2456
98.6219 99.2491
104.081 100.541
109.391 102.245
130.955 98.677
138.596 95.2333
146.591 92.2628
155.136 92.2801
162.879 95.404
118.807 112.381
118.12 120.917
117.103 129.483
116.082 138.048
112.742 147.501
116.609 148.232
121.447 148.127
127.458 146.465
133.056 143.884
96.3386 113.599
101.131 110.326
107.062 110.205
112.752 112.661
107.517 115.361
101.592 115.79
138.733 109.98
143.488 106.45
149.84 105.506
156.644 107.66
151.25 111.331
144.585 111.547
113.003 167.077
115.184 162.583
119.924 159.741
125.316 160.124
133.262 157.715
141.771 158.946
149.453 162.721
144.489 168.851
137.487 173.382
129.153 175.505
122.504 175.241
116.371 172.004
121.032 164.737
126.583 164.25
135.03 162.506
135.951 164.964
127.239 166.15
121.477 166.497
