82.4743 103.868
88.9045 100.023
96.4369 98.1912
103.985 98.4191
111.287 99.808
138.029 100.288
144.103 99.188
150.368 98.9377
156.923 99.6707
162.991 102.526
125.706 110.406
126.563 116.551
127.416 122.514
128.28 128.836
117.447 140.87
122.064 141.823
127.121 142.146
131.427 141.785
135.126 141.025
92.2307 113.818
98.3796 110.977
105.043 110.561
110.468 113.241
104.889 115.578
98.3873 115.921
138.444 113.513
144.258 111.2
150.829 111.342
155.801 114.545
150.462 116.047
144.324 115.564
102.696 160.683
109.449 155.53
117.792 153.475
126.45 153.096
133.836 152.905
140.922 155.062
146.45 159.803
142.615 165.471
135.198 168.443
126.79 168.536
117.481 168.175
109.076 165.479
115.163 156.972
126.262 156.1
136.268 156.376
137.162 164.063
126.614 164.38
114.727 164.261
