86.4648 100.062
92.4975 98.1496
98.5784 98.9369
104.481 100.165
110.123 102.184
130.481 98.8029
138.087 95.0951
146.052 92.0431
154.378 92.0672
161.978 95.3696
118.599 111.858
117.847 120.308
116.806 128.718
115.903 136.982
113.134 146.009
116.829 146.936
121.35 147.086
127.482 145.279
133.226 142.435
95.5071 113.729
100.297 110.248
106.082 109.892
111.898 112.126
106.667 115.065
100.866 115.623
138.64 109.031
143.568 105.927
149.749 105.285
156.218 107.567
150.632 110.799
144.134 110.908
112.229 165.818
115.028 161.376
119.767 158.8
125.144 159.168
133.139 156.53
141.789 157.613
149.673 161.009
144.292 167.25
137.26 172.076
128.809 174.354
122.197 174.125
115.992 170.972
120.612 163.683
126.609 163.203
135.518 161.265
136.141 163.312
126.765 164.957
120.854 165.348
