86.7342 100.138
93.0253 98.5587
99.2296 99.4025
105.04 100.748
110.879 102.328
130.662 98.9627
138.602 94.9108
146.886 91.6669
155.649 91.4978
163.775 94.5149
119.138 112.087
118.232 120.894
117.204 129.618
116.349 138.238
113.059 146.586
117.032 147.746
121.935 147.985
128.559 145.987
134.681 142.909
96.1086 113.958
100.926 110.525
106.936 110.139
112.754 112.207
107.503 115.5
101.568 116.228
138.923 109.453
144.045 105.858
150.53 104.959
157.256 107.101
151.789 110.887
144.92 111.219
113.211 165.859
116.296 161.688
121.239 158.974
126.499 159.436
134.552 156.781
143.197 157.643
151.154 161.002
145.795 167.795
138.273 172.774
129.464 175
122.654 174.589
116.672 171.075
121.491 164.257
127.688 163.98
136.765 161.849
137.39 163.643
127.84 165.35
121.626 165.573
