83.8918 104.857
90.7545 101.027
98.3595 98.66
106.275 99.1389
113.649 101.392
134.302 100.968
137.626 98.9255
141.228 97.9525
144.888 98.1068
148.668 99.1589
127.656 111.173
131.604 117.848
135.791 124.571
139.535 131.624
123.085 142.728
127.728 143.138
132.013 143.046
135.142 142.739
137.209 141.657
95.6132 116.625
100.829 116.416
104.902 115.969
109.172 115.372
105.171 117.679
100.381 118.189
132.132 115.047
136.175 114.663
139.897 114.961
142.668 115.662
139.723 117.134
136.108 116.573
108.318 163.199
115.167 158.303
122.5 154.638
130.516 154.649
134.872 154.324
137.605 157.78
137.956 161.78
136.881 165.943
133.672 169.338
128.959 170.54
121.391 169.908
114.656 167.236
120.372 159.514
129.689 158.668
133.772 159.215
133.017 162.743
129.184 163.403
120.22 163.048
