80.9279 103.015
87.0105 97.7713
94.6568 96.3506
102.474 98.1381
110.018 100.777
133.283 100.576
138.86 98.4935
144.964 97.1285
151.363 97.9031
155.977 101.836
124.641 109.181
126.299 116.491
128.079 123.656
129.592 130.879
119.264 140.913
123.49 141.72
127.677 141.776
130.893 141.334
133.445 140.331
93.1174 115.754
98.1233 114.404
103.184 114.141
108.298 114.296
103.378 116.165
98.1382 116.537
133.975 114.394
139.065 113.5
144.097 113.913
148.713 115.473
143.864 116.138
138.809 115.361
111.543 161.139
115.89 156.863
121.322 152.824
127.537 151.983
132.631 152.038
136.693 155.538
139.222 159.845
137.433 165.483
133.302 169.969
127.651 171.442
120.85 171.206
115.049 167.124
120.52 158.379
127.629 156.919
132.537 157.618
132.749 160.864
127.794 162.171
120.647 162.022
