79.06 102.835
85.3135 97.3569
93.6264 95.7347
102.188 97.029
110.027 99.9562
132.779 97.9186
139.97 94.9867
147.927 93.4882
155.829 95.1881
161.813 100.248
122.208 108.771
122.772 115.276
123.619 121.855
124.651 128.361
116.848 139.522
120.562 140.683
124.687 140.787
128.384 140.316
131.759 138.669
90.9244 115.733
95.5349 111.704
101.665 111.422
107.329 113.743
102.216 116.303
96.2757 116.874
135.698 112.562
140.89 109.287
147.492 109.079
153.074 112.633
147.436 114.668
141.245 114.174
109.213 161.826
113.467 156.787
118.602 152.073
125.13 150.86
130.85 150.982
135.776 155.106
139.509 159.65
136.863 165.231
132.135 169.691
125.993 170.58
119.268 170.526
113.148 167.209
118.58 158.079
125.362 155.849
131.36 157.182
131.342 160.985
125.516 161.467
118.561 161.894
