79.2361 102.519
85.6876 97.4705
93.9698 95.993
102.477 97.1476
110.187 100.101
132.144 97.576
139.968 94.2907
148.648 92.8389
157.168 94.5747
163.729 100.019
122.092 109.27
122.651 115.77
123.49 122.423
124.456 129.064
117.001 140.141
120.678 141.492
124.81 141.602
128.594 141
132.1 139.199
91.7103 116.532
96.3413 112.489
102.486 112.145
108.108 114.27
103.018 117.094
96.9084 117.725
136.767 112.732
142.023 109.521
148.639 109.261
154.337 112.693
148.638 115.084
142.303 114.657
110.316 163.377
114.155 158.258
118.893 153.354
125.287 152.154
131.47 152.072
136.727 156.239
140.722 160.643
138.064 166.345
133.192 170.846
126.945 171.931
120.324 172.05
114.23 168.947
119.366 159.46
125.813 157.168
132.121 158.111
132.062 161.978
126.197 162.774
119.483 163.357
