79.2072 103.679
85.3229 97.8844
93.7398 95.9118
102.489 96.9411
110.559 99.6762
131.44 95.75
140.594 91.8443
150.412 89.773
160.025 92.1085
167.496 98.3634
120.45 108.174
120.116 114.568
119.746 121.153
119.67 127.79
114.179 140.36
117.755 141.528
121.409 141.515
126.083 140.88
130.709 138.97
92.1746 116.54
97.0098 112.348
103.1 111.856
108.303 113.58
103.397 116.615
97.7728 117.423
138.327 111.431
143.439 107.815
150.103 107.411
155.847 110.914
150.189 113.152
143.832 113.094
107.629 165.205
111.512 159.646
116.417 154.216
122.801 152.842
130.1 152.359
136.396 156.693
141.355 161.474
137.84 167.228
131.85 170.968
124.724 172.007
118.048 172.801
111.583 170.504
116.852 161.063
123.437 158.19
131.455 158.903
130.992 162.271
123.544 163.01
117.073 164.159
