80.1591 104.256
85.9991 98.8461
93.9888 96.8928
102.195 97.6397
109.75 100.283
131.908 96.0648
140.668 92.2281
150.157 90.2518
159.362 92.5637
166.442 98.9555
120.806 108.825
120.256 115.147
119.804 121.527
119.613 128.127
114.508 140.502
118.094 141.502
121.782 141.425
126.198 140.608
130.516 138.631
92.9006 117.346
97.345 113.101
103.251 112.679
108.297 114.575
103.566 117.2
98.2526 118.02
138.413 112.1
143.101 108.365
149.628 107.947
155.275 111.347
149.649 113.395
143.599 113.432
108.248 165.296
111.87 159.318
116.724 153.816
123.158 152.511
130.185 151.895
136.446 156.14
141.16 161.26
137.907 166.864
131.987 170.403
125.064 171.331
118.487 172.272
112.156 170.397
117.548 160.732
123.902 157.889
131.555 158.643
131.086 161.836
123.874 162.511
117.559 163.753
