148.179 104.654
152.457 101.38
158.16 100.196
163.875 100.866
168.969 102.855
187.286 99.6676
193.478 97.0428
200.357 95.5618
207.043 97.2614
212.246 101.699
177.638 109.898
177.541 114.846
177.32 119.891
177.3 124.884
173.794 133.6
176.542 134.034
179.204 133.816
182.248 133.22
185.324 132.351
157.467 116.52
160.531 113.723
164.907 113.306
168.599 114.158
165.268 116.509
161.165 117.162
192.125 112.026
195.466 109.638
200.115 109.294
204.248 111.492
200.35 113.185
195.836 113.168
168.2 153.561
170.678 148.447
174.613 144.18
179.95 143.039
185.884 142.31
190.979 145.62
194.479 150.122
192.155 155.047
187.47 158.22
181.78 159.413
176.107 160.1
170.845 158.446
175.129 148.653
180.362 145.918
187.069 146.464
186.846 152.411
180.91 153.781
175.696 154.178
