82.1314 103.742
88.6964 99.1762
95.782 96.764
103.646 97.7783
110.914 100.115
136.09 100.637
141.091 98.8249
146.514 97.8708
151.943 98.9496
156.443 101.886
126.707 108.535
129.421 115.128
132.407 121.492
135.045 128.092
121.234 140.466
126.356 141.142
131.332 141.149
134.714 140.979
137.295 140.794
90.8574 114.41
97.2655 110.957
103.698 111.021
108.784 114.342
103.405 115.949
96.8411 116.268
134.024 114.879
140.031 111.08
146.83 111.732
150.755 116.42
145.594 117.401
139.572 116.655
109.316 163.8
114.792 157.432
121.96 152.913
130.218 152.333
136.631 152.755
141.001 157.577
143.02 163.729
140.38 168.509
135.764 171.333
130.01 171.853
122.253 171.63
114.724 168.978
119.592 158.28
129.715 156.856
136.369 158.276
136.446 164.683
130.116 164.876
120.192 164.823
