82.132 104.395
88.7521 99.9657
95.6669 97.7005
103.271 98.1618
110.472 99.8939
135.752 100.194
140.316 99.0742
145.258 98.303
150.333 98.9238
154.535 101.444
126.207 108.563
128.973 114.99
132.005 121.399
134.697 128.013
121.021 140.025
126.237 140.424
131.016 140.426
134.06 140.382
136.394 140.41
91.0118 114.698
96.7656 111.269
102.861 111.069
108.048 114.177
102.854 115.946
96.6367 116.277
133.464 115.254
139.012 111.339
145.495 111.876
149.525 116.484
144.561 117.504
138.726 116.905
108.547 163.341
114.09 156.914
121.306 152.339
129.666 151.812
135.972 152.089
140.333 156.982
142.399 163.085
139.638 167.852
135.075 170.672
129.204 171.234
121.509 170.837
114.165 168.152
118.875 157.53
129.18 156.174
135.631 157.601
135.714 163.706
129.334 163.834
119.36 163.713
