82.9487 98.7648
88.5888 93.9276
95.7918 92.4528
103.039 94.4569
109.548 97.8206
136.803 98.2469
143.999 95.9788
151.518 95.0241
158.78 97.1604
164.187 102.379
124.081 109.579
124.097 115.939
124.208 122.724
124.605 129.195
115.615 141.806
119.608 142.632
124.025 142.714
128.128 142.654
131.542 142.066
91.8298 114.292
96.503 108.666
104.054 109.677
109.839 115.079
103.386 116.801
96.8207 116.712
136.999 114.667
142.103 109.655
150.004 110.293
155.674 116.413
149.148 117.868
142.437 117.133
105.12 167.133
109.105 160.191
115.448 154.927
123.573 154.944
130.935 154.949
136.699 159.972
140.457 166.676
137.232 171.76
130.872 174.95
123.965 175.208
116.13 175.305
108.931 172.969
114.564 160.838
123.169 158.935
130.988 160.785
131.167 168.524
123.606 168.151
115.092 168.484
