87.1515 97.9484
90.8863 92.3168
97.1983 90.4013
103.805 91.7514
109.354 94.7534
137.986 96.9855
146.359 94.5617
154.869 93.4535
162.537 96.8406
167.463 103.62
122.432 110.445
119.985 117.214
117.609 123.745
115.455 130.145
110.946 144.571
113.895 145.511
117.355 145.645
122.6 145.475
127.484 145.394
96.0185 117.012
100.043 111.754
106.9 112.406
112.734 116.206
106.329 118.257
100.571 119.254
139.745 116.619
144.851 112.617
152.095 113.705
157.731 118.324
151.212 120.025
144.806 119.319
102.766 169.697
105.432 163.688
110.457 158.365
117.066 158.481
126.068 158.566
133.279 163.613
138.468 170.547
133.586 176.607
125.661 179.889
117.565 180.006
110.634 179.78
104.579 176.365
110.021 164.98
117.059 162.695
127.831 164.469
127.366 172.195
117.036 172.178
110.224 171.821
