84.6215 96.7048
89.0625 92.0091
95.8174 90.3444
102.881 92.2244
109.141 95.4882
139.127 97.1886
147.201 94.2484
155.788 92.919
164.027 95.727
169.067 102.68
123.468 110.404
122.4 116.764
121.289 123.363
120.542 129.663
113.963 143.158
117.079 143.944
121.054 144.056
125.862 144.147
130.084 144.344
93.025 115.324
97.255 109.04
104.738 109.891
111.117 114.995
104.643 116.969
97.8672 117.512
139.219 115.222
144.268 110.232
152.29 110.579
158.626 116.165
151.867 118.088
144.749 117.771
103.184 168.966
106.785 162.159
113.029 156.977
121.054 157.134
129.75 157.222
136.553 162.289
140.957 169.483
136.507 175.565
128.625 178.572
120.292 178.93
112.432 178.627
105.809 175.338
112.821 163.558
120.435 161.932
129.842 163.262
129.395 170.825
120.37 170.884
112.804 170.562
