98.5219 95.772
101.958 94.4791
105.572 95.0421
108.946 96.4843
112.109 98.6573
132.76 97.3183
140.594 95.7744
148.643 95.6801
156.266 98.8778
161.9 104.119
118.857 112.456
115.051 118.071
110.626 123.149
106.161 128.373
105.547 142.978
107.291 144.224
109.848 144.346
114.546 144.64
119.568 144.427
100.807 116.382
104.164 111.593
109.615 112.589
114.502 116.852
109.273 119.406
104.019 119.423
136.69 118.199
140.756 112.734
147.39 112.929
153.478 117.869
147.385 120.658
140.811 120.194
103.134 166.5
102.938 161.077
105.351 156.172
109.58 156.517
117.744 156.99
124.701 162.226
130.266 168.43
124.51 172.994
117.441 175.03
110.316 175.617
105.805 174.639
102.923 171.014
106.088 162.197
110.192 161.173
119.185 162.826
119.097 167.251
111.003 167.347
106.721 167.002
