94.0999 93.5792
97.8991 91.8914
102.076 92.233
105.979 93.4808
109.682 95.8067
134.87 95.8525
143.305 94.1349
152.318 93.975
160.643 97.7122
166.672 103.581
119 112.881
115.264 119.018
110.876 124.345
106.572 129.834
105.12 145.294
107.091 146.787
109.998 147.086
115.607 147.238
121.378 146.848
98.255 117.083
102.109 112.065
108.077 112.932
113.281 117.222
107.695 119.633
102.261 119.813
138.506 118.665
143.053 113.859
150.211 114.002
156.554 118.554
150.133 121.397
143.295 120.81
101.869 170.979
101.594 165.338
104.62 160.18
109.662 160.338
118.777 160.997
126.58 166.496
132.556 173.209
126.564 178.363
118.633 180.809
110.528 181.001
105.349 180.077
101.801 176.155
106.15 166.628
110.562 165.182
120.608 167.264
120.278 172.003
111.24 171.644
106.724 171.503
