97.8335 98.3022
101.929 97.1605
106.323 97.665
110.384 98.9281
114.1 101.247
132.894 99.7008
140.062 97.14
148.22 96.6945
155.557 99.6541
161.762 104.199
119.291 109.081
115.93 114.494
112.354 119.625
108.857 125.037
108.072 139.232
109.834 140.146
112.676 140.411
116.8 140.588
121.042 140.051
101.955 113.382
105.484 111.258
110.196 111.531
114.577 113.524
110.093 116.45
105.486 116.229
137.165 114.64
141.89 111.77
147.599 112.039
152.912 114.917
147.842 117.542
141.772 117.292
103.355 162.157
104.527 157.269
107.752 153.599
112.767 153.435
120.939 153.709
127.711 158.151
133.039 163.658
126.968 167.328
120.128 169.817
113.039 170.339
108.115 169.378
104.233 166.384
108.823 158.11
113.9 157.429
122.149 158.544
121.513 162.642
113.301 162.218
108.411 162.163
