82.6333 104.509
88.058 100.824
94.3519 99.9492
100.735 100.083
106.948 101.098
130.55 95.8049
138.97 91.9672
147.709 89.0038
156.714 90.1965
165.013 93.6328
117.077 111.006
116.099 118.956
114.885 126.766
113.858 134.695
112.776 146.205
116.454 147.078
120.569 146.987
126.698 144.994
132.598 142.39
93.8649 119.986
98.5914 118.175
104.259 116.603
109.279 114.934
104.304 117.7
99.0158 119.274
138.432 110.854
144.224 111.291
150.364 110.837
156.189 109.644
150.238 111.736
143.969 111.874
111.43 170.506
113.793 164.983
118.477 160.863
124.272 160.399
132.935 158.144
141.879 159.654
150.78 162.732
143.123 166.456
135.07 169.231
126.963 170.985
121.597 171.681
115.83 171.891
118.942 166.596
125.178 164.777
135.732 163.221
135.851 163.403
124.966 164.65
119.038 166.356
