76.993 108.829
83.2487 102.569
90.9382 99.4762
99.419 99.0225
107.656 100.675
130.697 95.8866
137.984 91.507
145.97 88.8524
154.214 89.6803
161.831 93.5931
119.766 109.627
120.441 117.476
121.311 125.302
122.365 133.388
116.458 143.053
120.243 143.901
124.765 143.67
129.837 141.994
134.568 139.107
89.9007 118.329
94.907 113.828
101.563 112.518
107.792 114.596
102.279 117.77
95.9289 119.133
135.894 110.054
140.852 105.671
147.566 104.798
153.991 107.252
148.322 110.127
141.859 110.574
110.168 167.378
114.408 161.116
120.402 156.137
127.751 154.952
134.886 153.011
142.241 155.093
148.372 159.178
143.604 163.673
137.451 167.296
130.605 169.365
123.378 170.803
116.032 170.328
119.911 161.533
128.373 159.163
137.637 157.796
137.83 160.582
128.931 162.967
120.367 164.45
