82.6917 106.18
85.8644 102.129
90.4541 99.8967
95.6278 99.6548
100.562 100.84
128.885 91.7693
135.638 87.7714
142.663 85.2951
150.163 85.0228
156.485 88.3734
116.884 111.694
116.383 119.023
115.833 126.179
115.378 133.602
114.987 145.05
118.499 145.203
121.777 144.729
126.827 142.904
131.431 140.535
95.125 124.645
98.8505 121.349
103.414 119.91
108.275 119.962
104.161 122.604
99.6583 123.936
137.166 111.96
141.807 108.371
147.252 107.352
152.86 108.66
147.528 110.687
142.299 111.653
110.701 167.001
113.373 162.156
118.011 158.176
123.723 156.382
131.703 154.384
140.1 154.597
148.226 156.664
142.256 161.49
134.802 165.687
127.037 168.345
121.456 169.956
115.09 170.066
118.798 163.683
124.768 161.006
136.098 158.52
135.755 159.152
124.764 162.302
118.3 163.969
