80.7606 107.422
83.6437 102.889
88.5551 100.083
94.2155 99.6895
99.5858 100.883
126.836 93.6868
132.947 90.1314
139.527 87.9719
146.462 87.9201
152.109 91.0292
115.598 110.355
115.531 117.667
115.657 124.79
115.949 131.845
112.971 142.577
116.887 142.473
120.8 141.675
126.019 139.979
130.896 137.837
92.8137 122.337
96.5721 119.625
101.25 118.294
106.207 118.202
101.996 120.471
97.2 121.954
134.323 111.611
138.242 108.543
143.687 107.655
148.97 108.549
143.974 110.39
138.971 111.324
109.27 162.771
113.21 158.526
118.083 155.064
123.742 153.622
130.826 151.475
138.298 152.098
145.216 153.955
141.696 160.711
136.191 167.112
128.522 170.651
120.791 171.579
113.948 168.613
118.225 159.819
124.689 157.481
134.268 155.193
135.406 159.679
126.378 163.692
118.583 164.188
