78.144 108.141
83.9885 102.627
91.4225 100.263
99.2154 99.7964
106.796 101.001
128.185 96.232
136.473 91.7854
145.349 88.9881
154.525 90.2793
163.121 94.4597
117.846 109.297
117.53 116.8
117.292 124.535
117.251 132.346
113.706 142.804
117 143.644
120.922 143.445
126.136 141.914
130.966 139.599
90.9314 118.024
95.7211 113.646
102.259 112.249
107.592 113.485
102.658 117.249
96.7712 118.437
136.373 108.747
141.803 105.749
148.455 105.151
154.588 107.335
148.589 110.081
142.301 110.168
107.849 168.157
111.745 162.102
116.941 157.132
123.625 156.172
131.766 154.428
140.046 156.577
147.225 161.033
142.087 167.161
134.609 171.754
126.234 173.735
119.282 174.497
112.162 172.894
116.84 162.986
124.042 160.828
134.182 159.822
134.549 164.313
124.4 165.949
117.462 166.967
