77.4569 107.663
83.71 102.072
91.4586 99.7473
99.57 99.587
107.425 101.222
128.03 96.6494
136.53 91.6709
145.676 88.6222
155.226 90.0823
164.107 94.4711
117.938 108.765
117.521 116.797
117.252 125.02
117.19 133.239
113.287 143.556
116.848 144.346
120.952 144.029
126.153 142.429
131.144 139.996
90.0361 118.288
95.1542 113.642
101.824 112.161
107.511 113.515
102.369 117.256
96.2466 118.605
136.088 108.948
141.831 105.783
148.734 105.147
155.025 107.51
148.987 110.268
142.407 110.269
106.918 168.781
110.963 162.345
116.459 157.091
123.483 156.145
131.731 154.344
140.205 156.654
147.45 161.494
142.025 167.574
134.553 172.126
126.124 174.146
118.988 174.915
111.613 173.381
116.136 163.167
123.975 160.889
134.311 159.989
134.689 164.451
124.348 166.189
116.702 167.034
