79.3558 109.748
84.9349 104.299
91.9745 101.859
99.5204 101.001
106.986 102.102
129.989 96.3908
138.333 91.7903
147.161 88.7358
156.603 89.7012
165.373 94.016
118.871 110.142
118.678 117.831
118.425 125.621
118.213 133.585
115.592 144.441
118.808 145.168
122.762 144.908
128.084 143.243
133.166 140.888
91.6466 119.79
96.0926 114.798
102.434 113.296
108.138 115.117
103.116 118.51
97.3808 119.785
138.168 109.656
143.262 105.443
150.101 104.685
156.649 107.752
150.412 110.192
144.097 110.498
110.315 170.317
113.701 164.022
118.8 158.75
125.573 157.71
134.095 155.557
142.994 157.528
150.709 162.04
145.206 168.028
137.576 172.652
129.004 174.709
122.005 175.916
114.77 174.762
119.309 164.754
126.376 162.264
136.8 161.017
137.638 164.912
127.067 166.865
120.003 168.241
