78.9727 108.898
84.6954 103.203
91.911 100.491
99.5748 99.7153
107.009 101.082
128.013 96.1025
136.07 91.312
144.845 88.4661
154.177 89.627
162.654 94.0589
118.035 108.992
117.976 116.302
117.997 123.92
118.148 131.554
115.246 142.044
118.241 142.77
121.887 142.442
126.834 140.744
131.394 138.257
91.4253 117.858
95.8752 113.247
102.259 111.896
107.989 113.774
102.885 117.274
96.9125 118.369
136.131 108.813
141.266 104.968
147.822 104.23
154.173 107.082
148.286 109.713
142.097 109.939
108.844 166.535
112.499 160.412
117.684 155.224
124.443 154.31
132.431 152.375
140.591 154.693
147.609 158.838
142.577 164.805
135.53 169.572
127.412 171.678
120.32 172.759
113.283 171.207
117.605 161.107
125.048 158.82
134.832 157.806
135.232 162.248
125.478 163.952
118.283 165.249
