78.6716 109.171
84.5823 103.948
91.915 101.617
99.6434 101.3
107.179 102.703
127.825 98.1996
135.658 93.4171
144.148 90.4891
153.151 91.5906
161.155 95.8736
117.674 110.08
117.292 117.674
117.111 125.417
117.104 133.182
113.748 143.071
116.958 143.879
120.725 143.523
125.588 142.079
130.327 139.827
90.767 119.054
95.6213 115.003
102.052 113.424
107.454 114.683
102.481 118.188
96.5607 119.454
135.205 110.113
140.726 107.113
147.237 106.336
153.25 108.397
147.653 111.24
141.283 111.339
107.008 167.396
111.131 161.433
116.578 156.477
123.423 155.417
131.107 153.541
139.096 155.645
145.875 160.076
140.977 166.314
133.904 170.922
125.97 172.82
118.99 173.607
111.839 172.131
116.594 162.502
123.889 160.138
133.286 158.995
133.597 163.042
124.182 164.956
117.162 165.952
