81.5092 108.315
87.3398 103.739
94.1986 102.089
101.163 101.383
108.203 102.182
129.655 97.0047
137.313 92.8243
145.69 89.9141
154.598 90.6563
163.126 94.0226
119.02 110.137
118.556 117.795
118.105 125.703
117.835 133.562
114.927 142.991
118.389 143.92
122.221 143.692
127.457 141.908
132.317 139.29
92.7598 117.943
96.9818 113.289
103.174 112.256
109.09 113.837
104.003 117.469
98.1796 118.524
137.06 108.975
142.155 105.274
148.668 104.404
155.164 106.918
149.281 109.743
143.013 109.937
111.286 167.514
114.619 161.796
119.333 157.374
125.246 156.581
132.876 154.283
140.832 156.344
148.02 159.829
142.654 165.387
135.821 169.523
128.064 171.632
121.822 172.762
115.5 171.58
119.412 162.645
126.232 160.229
136.149 159.365
136.285 162.11
126.382 163.808
119.689 165.118
