91.1331 102.453
96.2293 98.4171
102.917 97.0188
109.493 97.8935
116.126 99.8649
139.543 103.751
143.488 103.808
147.356 103.887
151.457 104.876
154.902 107.227
128.435 110.2
129.809 115.225
131.5 120.21
133.128 125.5
121.316 136.81
124.924 137.3
128.418 137.664
131.176 137.949
133.994 138.106
99.0446 112.677
104.175 110.994
109.71 110.908
114.389 112.632
109.522 113.789
104.306 113.77
136.094 115.861
140.993 115.233
146.337 116.179
150.466 119.14
145.902 119.284
140.872 118.326
107.664 152.808
113.833 149.088
120.652 147.067
127.668 147.497
132.887 148.295
137.065 151.507
139.51 156.205
136.41 159.93
130.898 161.114
125.172 160.66
118.269 159.703
112.088 156.926
117.361 150.422
126.895 150.615
133.615 152.007
133.014 156.609
126.032 156.49
116.718 155.122
