77.6995 115.397
81.445 107.99
88.449 103.911
96.0478 102.093
103.677 102.501
124.166 94.2441
132.499 88.2503
142.168 84.5019
152.407 85.6266
161.135 91.1317
115.098 109.365
114.912 116.239
114.543 123.253
114.546 130.677
114.076 143.768
117.78 143.179
121.527 142.153
127.075 140.257
132.422 137.826
91.6855 125.886
95.4807 122.045
100.928 119.681
106.064 118.957
101.755 122.229
97.1649 124.605
134.008 110.105
138.761 107.135
144.923 105.663
151.223 105.848
145.325 108.647
139.579 110.04
111.083 168.472
113.86 162.177
118.142 156.719
124.883 154.742
132.796 151.82
141.601 153.292
150.062 155.667
143.724 160.266
136.294 164.283
128.479 166.767
122.478 168.304
116.466 169.269
119.411 162.037
126.337 158.735
137.064 156.393
136.549 156.979
126.01 159.235
119.272 162.433
