74.7687 115.175
79.1458 107.554
86.6399 103.308
94.8205 101.317
103.048 101.512
125.016 92.8967
134.129 86.4837
144.612 82.4664
155.782 83.4985
165.375 89.5718
115.434 109.765
115.057 116.825
114.509 124.008
114.147 131.651
114.167 146.135
118.121 145.32
122.15 144.185
128.494 142.028
134.238 139.317
89.3545 127.1
93.4675 123.101
99.4661 120.378
105.376 119.425
100.494 123.033
95.2725 125.563
135.975 109.877
141.217 106.967
147.926 105.246
154.864 105.363
148.344 108.293
142.037 109.712
111.458 172.405
114.513 165.727
118.938 160.085
125.907 157.886
134.193 154.966
143.237 156.275
152.086 158.489
145.89 163.526
138.242 167.685
129.984 170.172
123.526 171.833
117.18 172.926
120.604 165.258
127.529 161.901
138.342 159.655
138.117 160.51
127.54 163.097
120.733 165.95
