77.8648 111.82
81.4587 105.748
87.9934 103.142
94.4904 101.777
101.047 101.639
123.261 92.89
131.374 87.5573
140.218 83.9837
149.628 84.0387
157.926 88.2911
113.775 109.999
113.648 116.592
113.368 123.201
113.361 130.195
113.055 143.2
116.732 142.568
120.079 141.63
125.171 139.739
130.16 137.401
91.2341 125.162
95.5139 122.977
100.154 120.501
104.151 118.312
100.652 121.955
96.4403 124.455
132.756 109.439
138.125 108.56
143.658 107.133
149.002 105.585
143.679 108.439
138.211 109.716
109.26 165.344
112.475 159.774
117.059 155.098
123.206 153.058
130.43 150.202
138.535 150.883
145.861 153.506
140.278 158.705
133.886 163.265
126.235 165.791
120.053 167.163
114.166 167.081
118.083 160.026
124.282 157.159
133.372 154.609
133.201 155.558
123.966 158.016
117.685 160.353
