104.647 111.39
106.599 109.044
109.489 108.244
112.295 108.565
115.431 108.914
128.373 102.167
133.865 98.1353
140.434 95.6436
147.305 95.5036
154.3 96.7467
122.007 113.483
121.312 121.339
120.421 129.126
119.606 136.793
121.739 143.782
124.589 143.819
127.789 143.209
132.404 141.323
137.023 138.474
111.895 120.423
113.888 118.223
117.328 116.91
121.045 116.6
118.77 119.524
115.261 120.672
138.19 111.701
141.061 109.77
144.793 108.749
149.04 107.892
145.712 110.437
141.564 111.506
128.877 157.528
128.719 155.173
129.844 153.451
132.462 152.645
138.301 150.49
144.821 150.108
151.216 151.014
147.789 156.06
143.489 160.285
137.943 162.946
134.166 162.911
130.994 160.892
131.603 156.269
134.272 155.34
140.857 153.204
142.169 155.253
136.051 157.812
132.939 158.181
