87.0868 98.0082
93.3937 94.8733
100.698 95.3176
107.682 97.8985
114.204 100.702
136.4 103.326
143.26 102.387
150.052 102.547
156.743 104.117
161.885 108.601
125.592 111.451
125.645 118.54
125.755 125.666
125.987 133.064
116.511 138.648
119.956 139.931
123.818 140.856
127.04 140.848
130.026 140.736
94.5 108.844
100.417 106.797
107.065 107.758
111.941 110.991
105.961 112.355
99.5367 112.073
135.631 113.766
141.901 111.621
148.709 112.84
153.606 116.57
147.737 118.009
141.386 116.901
104.482 153.215
110.442 151.249
116.32 150.672
122.395 151.072
128.028 151.223
133.233 152.684
137.356 155.849
132.617 159.052
127.575 160.636
121.622 160.696
115.069 159.788
109.279 157.144
114.35 153.465
121.955 153.712
128.591 154.467
128.295 156.538
122.02 156.591
114.225 155.353
