87.03 99.0295
93.4174 96.1133
100.743 96.1775
107.771 98.8399
114.488 101.623
137.151 104.116
143.556 103.146
149.91 103.075
156.37 104.184
161.369 108.321
127.027 111.845
127.103 118.982
127.151 126.176
127.238 133.723
117.066 139.312
120.692 140.774
124.666 141.668
127.859 141.726
130.943 141.421
94.8231 109.557
100.558 107.581
107.039 108.371
111.801 111.312
106.151 112.706
99.9 112.494
135.751 114.318
141.86 112.394
148.42 113.718
153.598 117.256
147.444 118.259
141.272 117.205
104.562 154.252
110.817 152.075
117.038 150.978
123.299 151.777
128.631 151.575
133.705 153.291
137.842 156.672
133.124 159.706
128.14 161.266
122.407 161.309
115.734 160.294
109.797 157.775
115.193 154.26
122.871 154.777
129.272 155.288
129.066 156.909
122.933 156.636
115.074 155.589
