82.1227 117.97
85.9232 112.523
91.7379 109.865
98.0503 108.294
104.257 108.451
128.414 98.0378
136.201 92.4432
144.941 88.5686
154.348 88.3651
163.121 91.2718
116.865 113.441
116.189 120.47
115.438 127.591
114.985 135.016
116.714 150.577
119.894 149.667
123.135 148.482
128.806 146.44
134.255 143.927
93.885 131.401
97.2513 125.991
103.017 123.735
108.667 124.069
103.76 127.234
98.8003 129.44
139.356 112.751
144.411 108.052
151.026 106.172
158.011 107.747
151.505 110.64
145.18 112.194
118.024 177.1
118.279 169.917
121.343 163.485
127.211 160.658
136.797 157.497
146.89 159.058
156.418 162.736
151.128 169.617
142.874 174.184
134.336 177.102
128.407 179.571
122.128 180.14
123.902 168.974
129.213 165.245
141.435 162.189
142.526 167.485
131.386 171.535
126.004 173.617
