81.7418 114.187
85.7251 108.868
91.4339 106.281
97.7031 104.845
103.848 105.365
126.739 94.9439
134.705 89.0509
143.686 85.0429
153.373 84.7721
162.636 87.6359
116.045 109.806
115.326 117.076
114.428 124.536
113.765 132.333
115.601 147.782
118.75 146.567
122.253 145.247
127.765 143.187
133.311 140.791
93.6553 127.968
96.9069 122.671
102.617 120.453
108.087 120.714
103.318 123.845
98.4419 126.04
138.323 109.275
143.548 104.992
150.092 103.262
156.866 104.675
150.39 107.504
144.137 108.938
116.425 174.373
116.907 167.235
119.989 160.9
125.976 158.187
135.653 154.954
145.812 156.381
155.169 160.196
149.911 166.976
141.751 171.771
133.219 174.675
127.201 177.308
120.593 177.9
122.995 166.193
128.011 162.805
139.745 159.736
140.965 165.254
130.259 168.527
125.137 170.898
