74.6432 113.017
78.0165 105.786
84.4748 101.232
92.2029 99.8578
100.113 100.468
125.731 91.4739
132.192 86.1241
139.993 82.683
148.415 82.4771
155.149 86.8705
115.495 106.998
116.771 114.458
118.257 121.988
119.925 129.75
116.518 141.502
120.25 140.948
124.155 139.649
128.91 137.818
133.057 135.611
91.2634 123.576
94.5384 119.317
99.2285 117.309
104.559 117.443
100.717 120.256
96.0267 122.352
133.98 107.187
137.732 103.469
143.652 102.004
149.371 103.393
144.497 105.803
139.026 107.2
114.516 165.76
117.656 159.509
122.534 154.276
129.168 151.342
135.607 148.857
142.999 149.543
149.508 152.284
145.921 157.403
141.105 162.339
134.56 165.743
127.552 168.23
120.704 168.24
123.273 159.704
130.888 155.628
139.125 153.252
139.483 155.388
131.837 158.807
123.939 161.715
