82.2373 113.932
84.6654 108.232
89.1016 103.856
94.8493 101.835
100.776 101.895
128.884 96.0461
134.597 92.1375
141.325 89.7463
148.483 90.2604
153.635 94.823
119.119 113.369
120.017 119.603
121.089 125.965
122.321 132.213
119.441 144.053
122.833 143.563
126.616 142.65
130.965 141.199
134.704 139.401
95.9489 127.443
98.9392 123.366
103.805 121.991
108.947 123.081
105.457 126.119
100.369 127.719
136.824 114.786
140.314 111.025
145.876 109.719
151.021 111.563
147.013 114.427
141.738 115.458
114.362 165.878
118.227 159.916
123.047 155.017
129.662 153.001
136.338 150.496
143.69 151.877
149.946 155.252
146.075 160.436
140.469 164.734
133.949 167.521
126.849 169.478
120.057 169.122
123.377 160.001
130.433 156.141
139.112 154.483
140.084 159.252
132.126 162.347
124.705 164.189
