78.3579 112.169
83.8877 106.163
91.553 103.368
99.816 102.812
107.973 103.84
128.265 98.9297
134.621 94.5345
141.844 91.4167
149.733 91.0491
156.894 94.6958
121.263 110.676
123.556 118.614
125.989 126.431
128.471 134.243
118.919 140.785
124.096 141.95
129.414 141.56
134.158 139.344
137.992 135.982
90.2846 120.15
94.9275 116.82
100.926 115.495
106.564 116.501
101.769 119.232
95.9394 120.833
134.984 109.954
139.28 106.416
145.225 104.729
151.487 106.25
146.389 109.013
140.498 110.27
111.557 162.337
116.377 156.674
123.411 153.406
130.924 151.953
137.019 149.295
144.019 149.186
150.534 152.267
149.863 162.669
146.194 172.437
137.517 177.792
126.502 178.241
117.667 171.805
122.066 157.282
131.726 154.745
140.213 152.349
145.138 164.472
135.976 171.595
123.533 170.532
