84.1416 95.2594
91.3877 91.5761
99.8941 91.7221
107.983 94.121
115.851 97.2666
140.029 100.814
146.896 99.6084
153.963 99.7396
160.765 101.341
165.23 106.672
128.2 110.354
128.255 117.691
128.496 125.067
128.543 132.364
115.94 138.642
120.456 140.793
125.697 142.001
130.033 141.906
134.337 141.373
93.9012 109.474
99.0661 112.269
104.817 112.377
110.516 110.2
105.236 111.516
99.2615 111.247
139.468 114.893
143.82 117.972
149.153 119.712
154.107 119.65
148.829 119.112
143.95 117.453
101.204 154.861
109.094 154.2
116.543 153.862
124.239 154.495
130.335 154.551
136 156.26
140.846 158.891
135.237 160.633
129.228 162.419
122.58 162.388
114.657 161.627
107.467 158.78
112.761 156.135
123.177 156.913
132.168 157.549
132.201 158.358
123.221 157.918
112.846 156.837
