83.2968 96.6568
90.8059 92.553
99.3696 91.9223
108.097 94.1151
116.457 97.797
138.665 101.027
144.748 99.9751
150.972 100.264
157.142 101.919
161.503 106.662
127.846 109.751
128.487 116.984
129.436 123.975
130.044 131.174
114.848 138.523
119.824 140.445
124.914 141.703
129.071 142.017
132.866 142.108
91.9154 108.635
97.4897 110.167
103.663 110.423
109.726 109.827
103.925 110.852
97.6063 110.553
136.082 113.924
141.149 115.499
146.901 117.274
151.757 119.231
146.433 118.393
141.155 116.613
98.4632 156.122
106.995 153.53
115.163 151.957
123.529 153.026
129.326 153.413
134.185 156.739
137.18 161.35
133.715 165.285
127.943 167.721
121.402 167.483
112.704 165.907
104.824 161.879
111.752 154.928
122.913 155.758
130.283 157.16
129.956 162.012
122.143 161.876
111.11 159.903
