84.5809 105.381
90.7625 101.262
98.0419 100.777
105.103 101.284
112.114 102.495
128.884 97.5197
136.485 92.7483
144.814 88.7522
153.967 87.6773
162.935 89.3428
119.295 108.508
118.912 117.946
118.247 127.293
117.756 136.317
112.74 141.95
117.305 144.001
122.59 144.486
129.897 142.384
136.751 138.655
95.5322 118.284
100.695 117.836
106.447 116.749
111.261 114.124
106.376 117.641
100.744 119.218
138.34 108.959
144.196 109.806
150.451 109.041
155.825 107.119
149.996 110.178
143.584 110.523
110.826 158.725
115.171 156.936
120.329 155.731
125.806 155.687
134.616 153.303
144.212 153.145
153.897 153.368
145.899 158.64
137.13 162.965
127.738 165.267
121.231 165.356
115.433 162.688
118.3 159.258
126.464 158.865
139.107 156.562
139.178 156.513
126.503 158.789
118.536 159.195
