83.1198 105.068
89.7027 100.959
97.2708 100.66
104.546 101.27
111.769 102.458
127.053 97.5767
134.724 92.5626
143.198 88.4956
152.61 87.2066
161.869 88.6175
118 107.843
117.679 117.693
117.098 127.53
116.786 137.058
111.186 141.983
116.011 144.051
121.538 144.485
129.063 142.314
135.987 138.518
94.2231 118.361
99.2395 117.963
105.106 116.906
110.173 114.272
105.118 117.933
99.4402 119.575
137.46 108.566
143.162 109.498
149.418 108.768
154.839 106.639
148.786 110.019
142.481 110.252
110.329 159.462
114.598 157.46
119.826 156.084
125.407 155.804
134.279 153.238
143.975 153.1
153.718 153.295
145.666 158.509
136.96 163.028
127.533 165.477
121.093 165.668
115.23 163.145
118.024 159.583
126.143 159.158
138.658 156.535
138.826 156.869
126.185 159.479
118.371 159.716
