84.7263 107.281
91.008 103.153
98.3992 102.727
105.578 103.38
112.819 104.614
128.814 99.1707
136.293 94.478
144.56 90.4048
153.678 88.9986
162.633 90.1406
119.183 110.063
118.831 119.518
118.186 129.072
117.747 138.224
112.657 143.521
117.285 145.457
122.523 145.817
129.625 143.799
136.393 140.247
95.9355 120.249
100.666 119.763
106.394 118.64
111.368 115.982
106.431 119.509
100.888 121.144
138.5 110.415
144.2 111.208
150.564 110.317
156.213 108.251
150.136 111.548
143.735 111.952
110.988 160.473
115.043 158.8
120 157.445
125.499 157.184
134.343 154.778
144.142 154.551
154.403 154.422
146.238 159.865
137.449 164.176
128.024 166.574
121.553 166.8
115.748 164.267
117.962 160.955
126.221 160.627
139.459 158.146
139.825 158.013
126.521 160.487
118.352 160.819
