82.6811 90.1848
86.6567 85.0594
92.179 83.4443
98.1431 83.9163
103.701 84.9423
136.706 83.1997
144.675 79.5385
153.1 76.9398
161.775 78.6419
168.091 83.8338
119.648 106.11
117.756 114.249
115.656 122.137
113.95 129.692
111.831 143.068
115.597 144.476
119.502 144.718
125.848 143.338
132.028 140.792
93.8622 113.093
98.3874 109.614
105.568 110.214
111.223 112.736
105.38 115.502
99.0799 116.195
140.592 108.535
145.999 104.957
152.967 104.577
160.062 107.029
153.47 110.574
146.854 110.738
108.728 169.39
109.775 163.221
113.989 157.386
120.376 157.143
130.646 155.79
139.689 160.1
146.967 165.819
142.301 173.913
133.873 178.737
124.526 180.712
117.367 180.218
110.925 176.563
114.709 163.843
120.917 161.35
133.769 161.163
134.622 169.818
122.55 172.013
116.068 170.826
