87.5828 99.044
92.495 94.1854
99.149 93.5019
105.647 94.3611
111.981 96.6404
134.139 92.2195
143.415 87.913
153.676 85.2243
164.023 86.6486
173.96 90.9995
121.636 105.612
118.797 113.953
115.849 121.724
113.294 129.803
111.707 142.577
115.096 143.829
119.479 144.093
126.466 142.472
133.626 139.924
97.6925 114.292
101.491 109.981
107.435 109.867
113.292 111.837
107.955 114.756
102.372 115.522
143.695 108.836
149.028 105.006
155.929 104.647
163.493 107.044
156.463 109.96
149.566 110.278
108.877 169.537
110.479 163.846
114.999 159.124
121.298 157.939
131.142 157.004
140.424 160.103
149.078 165.536
141.9 171.619
133.531 176.322
124.353 178.599
117.764 178.477
111.447 175.347
115.955 165.156
121.991 162.776
134.223 162.453
134.59 167.917
123.151 170.323
116.92 170.251
