81.5069 93.3051
88.6022 89.7383
96.5325 90.3658
103.847 93.0727
111.067 96.3916
140.488 98.3375
148.531 96.4714
157.148 96.1053
165.266 98.0124
172.376 103.334
125.223 109.344
124.014 118.016
122.755 126.761
121.769 135.469
112.443 142.598
116.828 144.4
121.28 145.516
127.04 146.041
132.652 145.501
92.8003 109.536
98.97 107.027
105.799 107.211
111.041 111.327
105.183 112.153
98.6343 112.002
141.871 113.86
148.623 111.25
155.916 111.514
162.07 115.516
155.29 116.685
148.092 115.731
99.1255 161.527
106.157 158.979
113.721 157.89
120.972 158.941
129.359 158.958
137.78 161.179
145.349 165.838
138.758 170.926
130.125 174.375
120.463 174.851
111.62 173.44
104.088 168.43
110.821 161.775
120.829 162.727
132.015 163.158
131.899 167.141
120.327 167.619
109.832 166.179
