81.016 101.79
87.8456 97.5388
95.8723 96.2575
103.823 97.3225
111.505 99.6927
135.296 98.5767
142.325 96.3104
149.72 95.2094
157.222 96.0684
164.152 99.9483
124.978 110.257
125.647 118.218
126.328 126.278
127.124 134.603
116.962 141.255
121.301 142.931
126.339 143.479
130.955 142.926
135.007 141.184
92.4899 112.617
98.5009 109.807
105.1 109.365
110.298 111.958
104.822 113.847
98.5105 114.242
137.99 111.525
143.627 108.582
150.392 108.25
156.354 111.331
150.574 113.042
144.148 112.828
104.064 158.728
111.037 155.948
118.243 154.407
125.59 154.664
132.36 153.729
139.314 155.265
146.001 158.516
141.177 164.105
134.268 168.324
126.151 169.393
117.255 168.772
109.702 164.552
116.054 157.845
125.73 157.641
134.549 157.147
134.715 162.217
125.821 163.477
115.745 162.75
