83.2035 101.032
89.1574 97.3515
96.4055 95.8949
103.549 96.797
110.673 98.2989
138.243 98.9499
143.944 98.0683
149.833 97.5385
156.099 98.2455
161.62 101.568
125.651 108.322
126.63 114.929
127.501 121.468
128.417 128.318
117.805 139.502
122.116 140.423
126.809 140.668
130.779 140.466
134.165 139.78
92.2125 111.811
97.8374 109.294
104.3 109.16
109.582 111.979
104.16 113.6
97.958 113.774
138.729 112.756
143.982 109.777
150.343 109.87
155.458 113.768
149.867 114.808
144.065 114.409
103.259 157.796
110.471 154.186
118.226 151.949
126.385 152.008
133.012 151.739
139.51 154.361
145.059 159.003
141.072 164.434
134.257 167.58
126.437 167.792
117.127 167.003
109.315 163.294
116.019 156.011
126.321 155.98
134.564 156.325
135.051 162.174
126.542 162.33
115.556 161.583
