81.2639 105.834
86.8858 101.506
93.9206 99.2454
101.347 99.2323
108.535 100.045
134.955 97.6446
141.884 96.1632
148.884 95.4627
156.041 96.5194
162.174 99.9609
122.896 109.205
123.593 116.084
124.514 122.877
125.368 129.804
117.297 140.844
121.303 141.251
125.575 141.257
129.562 140.798
133.028 139.898
91.3668 115.633
96.5434 112.581
102.657 111.874
108.164 113.757
102.736 116.21
96.8758 116.702
137.567 112.034
143.205 109.3
149.356 109.096
154.596 111.912
149.077 113.4
143.322 113.312
107.009 160.948
112.733 156.689
119.02 153.631
125.894 153.563
132.651 152.512
139.257 155.222
145.419 158.732
139.919 162.26
133.598 164.567
126.706 165.259
119.478 165.25
112.719 163.565
118.102 158.424
126.195 157.505
134.257 157.651
134.065 158.627
126.156 158.933
118.006 159.558
