82.6351 119.035
86.2599 113.599
91.9789 109.961
98.7429 108.028
105.588 107.689
126.486 101.079
132.509 97.2641
139.305 94.6044
146.548 94.3011
152.744 96.8255
118.442 111.915
120.174 117.577
121.918 123.053
123.593 128.411
119.972 140.178
123.255 139.777
126.632 138.935
130.113 137.709
133.126 136.582
93.2908 124.392
97.4482 120.112
102.908 118.34
108.034 119.133
103.956 122.569
98.5094 124.412
132.627 111.579
136.649 107.858
142.21 106.107
147.69 107.643
143.358 110.489
137.877 111.81
116.658 162.576
119.082 156.629
123.662 151.426
129.994 149.258
136.036 147.005
142.358 148.89
147.553 152.915
146.72 159.447
142.701 164.6
136.349 167.199
128.753 168.84
121.567 167.33
123.56 155.939
131.123 152.531
138.852 150.898
141.672 159.395
134.814 161.996
126.371 164.103
