79.8956 118.224
83.4256 111.517
89.9924 107.328
97.4872 105.273
105.238 104.543
127.631 97.8857
134.566 93.8634
142.099 91.0569
150.244 90.6623
157.597 93.6652
118.83 110.849
120.727 117.429
122.647 123.834
124.527 130.206
120.21 141.449
123.7 141.312
127.417 140.765
131.684 139.094
135.282 137.473
91.0002 124.113
95.6417 119.167
101.873 117.05
108.056 118.268
103.037 121.768
97.1636 123.809
134.79 109.874
139.59 105.355
145.888 103.559
152.465 105.411
147.116 108.511
140.831 109.924
114.814 162.841
119.809 158.225
125.372 154.329
131.843 152.566
138.004 150.085
144.83 150.502
151.42 152.174
146.971 156.554
141.222 160.039
134.666 162.266
127.522 164.099
120.727 164.264
124.874 158.914
132.767 156.177
140.713 153.994
140.945 155.022
133.248 157.28
124.967 159.723
