77.6613 119.581
81.5564 113.304
87.9076 109.193
95.1194 107.066
102.752 106.222
127.31 98.9826
134.105 95.129
141.402 92.3964
149.363 92.0491
156.533 94.6742
117.871 111.523
119.823 118.38
121.74 125.099
123.738 131.761
119.637 143.501
123.146 142.849
126.678 142.073
131.018 140.609
134.778 139.2
90.1413 125.264
94.774 120.32
100.925 118.163
106.889 119.26
102.022 122.769
96.2241 124.922
134.007 110.865
138.599 106.321
144.954 104.571
151.252 106.737
145.99 109.592
139.863 110.896
113.666 164.557
118.815 160.129
124.467 156.047
131.002 153.925
137.525 151.47
144.563 152.01
151.32 153.751
147.297 158.443
141.603 162.325
134.9 164.728
127.424 166.609
120.051 166.528
123.938 160.398
132.156 157.409
140.665 155.124
141.201 156.668
133.093 159.167
124.339 161.586
