79.7359 110.901
84.9932 105.476
91.9389 102.083
99.49 101.152
107.249 101.395
131.149 96.3089
136.73 93.471
142.87 91.972
149.357 91.5257
155.044 93.8967
121.759 107.547
123.863 114.743
126.01 121.769
127.979 128.912
120.341 139.262
124.332 139.289
128.775 138.646
132.271 137.637
135.208 136.08
89.9746 118.211
95.3697 116.429
101.01 114.53
106.745 113.005
101.521 115.569
95.7899 117.148
134.599 107.981
140.136 106.828
146.369 105.626
151.909 106.021
146.609 107.255
140.495 107.948
113.133 162.221
118.011 156.919
123.968 152.261
131.582 150.313
137.596 148.597
143.631 150.464
148.904 153.594
146.644 159.469
142.079 164.532
135.297 167.067
126.922 168.321
119.1 166.362
123.56 156.396
132.147 153.641
139.234 152.665
140.214 157.233
133.563 159.122
124.56 161.092
