79.4068 107.708
83.9374 102.416
90.8847 99.5608
98.7418 99.3081
106.532 99.9294
131.991 94.3615
136.649 90.558
142.023 87.2061
148.167 85.994
153.46 88.8116
122.031 110.09
123.979 116.736
125.858 123.273
127.679 129.785
119.094 139.146
123.651 139.589
128.765 139.251
132.886 137.699
136.21 135.678
93.6002 120.514
98.2756 119.495
102.82 118.269
106.877 116.483
102.537 118.053
97.9811 119.27
135.24 110.261
139.394 109.579
144.46 108.891
149.1 108.288
144.785 109.031
139.868 109.675
113.58 164.057
116.177 156.244
122.393 150.665
130.715 148.693
137.208 146.874
143.965 149.524
148.133 155.174
147.859 162.782
143.697 169.682
136.039 173.335
126.688 175.047
118.482 171.53
121.162 156.07
131.353 151.952
140.081 151.446
143.222 162.558
134.804 166.969
123.401 168.376
